570.00000000 0.00012744 0.00027167 -0.00001520 -0.00005050 0.00000312 0.00004331 1.00000000
570.00000000 0.10702486 0.00789537 0.14247772 0.05166603 -0.54044239 0.07525617 0.83641446
570.00000000 0.13517630 0.00499889 0.09224341 0.03698891 -0.60020487 0.07969818 0.79500574
570.00000000 0.07523540 -0.02786918 -0.16524227 0.03358048 0.99205610 -0.10282978 -0.06421127
570.00000000 -0.24011829 0.03766705 0.41682965 0.04041552 0.81669419 -0.04965815 0.57350784
570.00000000 -0.24785210 0.01985727 0.31506070 0.04290484 0.69385433 -0.02189533 0.71850257
570.00000000 -0.23017678 -0.00362466 0.06948681 0.03186589 0.95912834 -0.06330092 0.27395327
570.00000000 0.28847909 -0.00256237 0.04254509 0.04204135 -0.66958397 0.07395353 0.73784870
570.00000000 0.22342789 0.00190972 0.11415772 -0.05754279 -0.40838150 0.05631584 0.90925349
570.00000000 0.40818700 -0.01827009 -0.12013869 0.01333690 -0.63555190 0.06648000 0.76907497
570.00000000 -0.09561910 -0.00052306 -0.08540151 0.08912788 0.52123498 -0.06124243 0.84653393
570.00000000 0.28003049 -0.00028764 0.04351893 0.03276618 -0.62664164 0.08443162 0.77402709
570.00000000 0.04401597 -0.00050083 0.16361168 0.07441246 -0.20275249 0.01266613 0.97631644
570.00000000 0.02517291 0.00173943 0.25983831 0.10286620 0.67843047 -0.13238391 0.71527977
570.00000000 -0.03620336 0.00753893 0.19317019 0.05624428 0.79616543 -0.10981184 0.59236691
570.00000000 -0.01214742 0.01471530 0.26974180 0.03886893 0.89207822 -0.13199726 0.43042116
570.00000000 -0.22898546 0.01943022 0.43460780 0.06188240 0.92908384 -0.04908525 0.36133699
570.00000000 0.70747888 -0.03866934 -0.05088059 -0.04346845 -0.61608561 0.07317236 0.78306757
570.00000000 0.06583437 -0.05357071 -0.19322856 0.04502659 0.98062406 -0.14350853 0.12551634
570.00000000 0.02930252 0.00469137 0.18999358 0.05644519 0.79740817 -0.13406223 0.58564619
570.00000000 -0.03946283 -0.00495981 0.12064085 0.07265354 0.84715150 -0.09309583 0.51806270
570.00000000 0.22297131 -0.00758370 0.09043512 0.03283088 0.09419288 -0.03632886 0.99434906
570.00000000 -0.23324274 0.01599284 0.16523466 0.03370720 0.45885163 -0.02777613 0.88743873
570.00000000 0.19986956 -0.03731863 -0.36708072 0.02151018 -0.06933582 0.02831644 0.99695940
570.00000000 0.25046083 0.00648548 0.41124579 0.08904897 0.90695062 -0.03454996 -0.41026474
570.00000000 0.06595445 0.00569872 0.24026757 0.04748875 0.94150675 -0.12936985 0.30752772
570.00000000 0.36663967 -0.00776131 0.03893603 0.01787079 -0.66695801 0.09154668 0.73923396
570.00000000 0.28508249 0.01964401 0.34195757 0.07424272 0.81591245 -0.06815460 -0.56932402
570.00000000 0.35644463 -0.03080682 -0.29044077 0.01224613 -0.41015449 0.06691244 0.90947570
570.00000000 0.26943389 0.01450586 0.20276390 -0.09499063 -0.57126120 0.02753239 0.81478794
570.00000000 -0.02666943 0.00653731 0.24604908 0.08185750 -0.17838988 0.01405571 0.98044828
570.00000000 0.28431621 0.01811852 0.33855611 0.06949771 0.79886344 -0.05917451 -0.59454659
570.00000000 -0.27505079 0.02584506 0.37020969 0.04065864 0.95130569 -0.07089950 0.29721646
570.00000000 0.00360813 0.01530181 0.34134962 0.05335326 0.97902280 -0.06998029 0.18376767
570.00000000 0.19294596 0.00687384 0.19003052 0.02948032 -0.26193925 0.00455916 0.96462322
570.00000000 -0.07823780 0.02173543 0.22815688 0.03847934 -0.32590592 0.00044500 0.94461869
570.00000000 0.04849133 0.00097867 -0.08886126 0.05815417 -0.22898496 0.01145538 0.97162377
570.00000000 -0.06525589 0.00157959 0.04336265 0.04256241 -0.52924813 0.05519423 0.84559947
570.00000000 0.25769819 -0.03340053 0.07472659 0.05870824 0.98749161 -0.11805801 -0.08646369
570.00000000 0.16199170 -0.03193160 -0.04727408 0.02088372 -0.62488964 0.08579059 0.77570406
570.00000000 0.11752080 -0.01108397 0.23684382 0.05322151 0.79520872 -0.05781229 -0.60122234
570.00000000 -0.16005966 0.01166282 0.08230978 0.06820980 -0.35232805 0.03217624 0.93283281
570.00000000 0.12067418 -0.03723487 0.00375177 -0.01724056 -0.63266307 0.07545884 0.77054926
570.00000000 -0.28764851 0.03659165 0.23991814 0.08685209 -0.04770359 -0.02167781 0.99484228
570.00000000 0.11671628 -0.02508126 -0.00076778 0.03691247 0.89034096 -0.15091351 0.42796677
570.00000000 -0.06491122 0.02200980 0.22177032 0.07385628 -0.14903246 -0.00815787 0.98603652
570.00000000 0.12465230 -0.03424323 -0.00266990 0.01586628 0.97579728 -0.17184108 0.13430777
570.00000000 -0.09803202 0.00699392 0.23649831 0.03252613 0.84646045 -0.03403582 0.53036621
570.00000000 -0.01135560 -0.00088093 0.14751893 -0.06118636 -0.58021499 0.01880577 0.81194405
570.00000000 0.12845273 -0.01199949 0.11904804 0.03790003 0.81673551 -0.12564833 0.56188895
570.00000000 -0.09118806 0.00828595 0.25154429 0.02638005 0.87402766 -0.03878532 0.48360670
570.00000000 0.09274011 -0.01915126 -0.13620936 0.05112838 -0.15498059 0.00729719 0.98656660
570.00000000 0.07158586 -0.00548472 0.27380094 0.05630440 0.91826095 -0.08598091 -0.38240545
570.00000000 -0.15708695 0.00750354 -0.22972292 0.04561724 -0.27443848 0.02479703 0.96020190
570.00000000 0.11693170 0.00372976 -0.04944142 0.02935671 0.10270261 -0.03368105 0.99370818
570.00000000 -0.00956690 -0.02564350 -0.27974841 0.03358007 0.49985426 0.00450746 0.86544658
570.00000000 0.12407455 -0.01003328 0.10771140 -0.00857959 -0.55867920 0.07620250 0.82583117
570.00000000 0.20661721 -0.03694400 -0.04716904 0.02882304 0.94472961 -0.14855375 0.29083840
570.00000000 0.24288251 0.00561639 -0.07906423 0.03453069 -0.01357748 -0.01135960 0.99924684
570.00000000 0.06975236 0.01432147 0.18941676 0.02289980 -0.25252292 0.00131213 0.96731900
570.00000000 0.27892530 -0.01905603 0.18863424 0.04389041 0.93199024 -0.13133438 -0.33499119
570.00000000 0.21009977 -0.03715206 -0.05734423 0.03276659 0.96572922 -0.14126918 0.21525901
570.00000000 0.31707306 -0.01913373 0.18378099 0.03115485 0.97143159 -0.12429106 -0.19975429
570.00000000 -0.22505676 0.02633275 0.13879986 0.01892588 -0.26078159 -0.00371009 0.96520516
570.00000000 -0.25550308 0.02579185 0.14999923 -0.00579556 0.07483377 -0.00956032 0.99713335
570.00000000 0.10248762 -0.01471572 0.08748449 0.04091851 0.78786658 -0.12562140 0.60150744
570.00000000 0.04193911 -0.00193050 0.13365529 0.05394101 0.79017702 -0.12423233 0.59772650
570.00000000 0.08931200 -0.01350118 -0.00798934 0.00994751 -0.65722224 0.07978239 0.74939626
570.00000000 0.09763339 -0.01000534 0.10658220 0.06080621 0.91630848 -0.09179020 -0.38504018
570.00000000 -0.09754463 0.00210519 0.17735725 0.04619355 0.76811976 -0.00781392 0.63858995
570.00000000 -0.03241557 -0.01342572 -0.07866812 0.06621131 0.59807160 -0.06491259 0.79606079
570.00000000 0.06413691 -0.01192762 0.05181851 0.04204282 0.93431838 -0.14886830 0.32112273
570.00000000 0.00777606 0.00018351 0.00685003 -0.00097342 -0.13224150 0.01270460 0.99113563
570.00000000 0.04193975 -0.00397257 0.12431560 0.02943147 0.94869331 -0.14277828 0.28058716
570.00000000 0.25196539 -0.00815713 -0.07063113 -0.01103753 -0.43833454 0.09312859 0.89390607
570.00000000 0.01851125 0.00077928 0.11415468 0.07805612 0.47936282 -0.08440023 0.87005467
570.00000000 -0.05915205 0.00125760 0.01523260 0.05469686 -0.36003649 0.03851480 0.93053672
570.00000000 0.07893468 -0.00433156 -0.04381741 0.04756308 -0.42290485 0.05329448 0.90335427
570.00000000 -0.03340817 0.00710120 0.26541454 0.07477620 0.95973849 -0.04282235 0.26735146
570.00000000 0.10684872 -0.00610735 0.10937128 0.05787339 0.76738941 -0.07493250 -0.63415242
570.00000000 0.04595762 -0.01148283 -0.15518365 0.08021570 0.02840790 0.03013097 0.99591694
570.00000000 0.08568039 -0.00170322 0.13685602 0.04244753 0.78720223 -0.07342569 -0.61083510
570.00000000 0.11631884 -0.00092242 0.18365852 0.05845520 0.97682012 -0.09145063 0.18450534
570.00000000 0.16496995 -0.01829890 0.02423580 0.07743675 0.99032428 -0.08450675 -0.07823029
570.00000000 0.03114413 -0.00616169 0.00554087 -0.06774162 -0.47478857 0.03811028 0.87666099
570.00000000 0.05331276 -0.00606751 0.07296743 0.08567770 0.74085143 -0.12459494 0.65442692
570.00000000 0.06116565 -0.00096501 0.04290120 0.03425544 -0.26135183 0.00805113 0.96460197
570.00000000 -0.00322793 -0.00802791 0.02597246 0.10008715 0.88248506 -0.07008949 0.45419174
570.00000000 0.05054925 -0.00042911 0.14371539 0.03132058 0.78218233 -0.12683109 0.60919923
570.00000000 -0.01778097 0.00102522 0.02792260 0.00864155 0.18431654 -0.00422215 0.98281988
570.00000000 -0.02347614 -0.00510538 -0.15340616 0.06324623 -0.16012851 0.02418240 0.98477103
570.00000000 0.07069159 -0.00073712 0.20328362 0.07794769 0.90257441 -0.05288923 -0.42010275
570.00000000 0.03611535 0.00207871 0.12807674 0.07331520 0.74664608 -0.00218789 -0.66116543
570.00000000 0.12398934 -0.00697854 -0.15061886 0.00906018 -0.35195065 0.06849876 0.93346482
570.00000000 -0.01975318 -0.01126108 -0.00424333 0.07283925 0.81541694 -0.04280974 0.57267529
570.00000000 0.07390338 -0.00801905 0.04533893 0.00353619 -0.69857270 0.06994911 0.71210308
570.00000000 0.05591132 -0.01355623 0.03669608 0.05870689 0.98659117 -0.13190053 -0.07611577
570.00000000 0.01062606 0.00871992 0.29202170 0.05959697 0.99159817 -0.06594990 0.09397813
570.00000000 0.10180695 0.00098404 0.08135250 0.07541082 -0.19603536 0.00510292 0.97767955
570.00000000 0.12897023 -0.00246977 0.08962115 0.07134538 -0.15426253 -0.01641246 0.98531393
570.00000000 0.09354946 -0.01821061 -0.08669630 0.03349763 0.01980968 0.02932834 0.99881196
570.00000000 0.07358289 -0.01803869 -0.08268777 0.04200013 0.11426744 0.01079686 0.99250308
570.00000000 0.13614788 -0.00365298 0.08120326 0.01869180 -0.25330711 0.01244335 0.96712527
570.00000000 -0.00444326 -0.00315986 -0.00934093 0.06594847 0.55354247 -0.03608221 0.82942125
570.00000000 0.01212702 -0.00147447 0.01847140 0.05906046 0.79328671 -0.08320349 0.60023765
570.00000000 -0.04012746 0.00771400 0.10143456 0.02664303 0.38177853 -0.02713433 0.92347118
570.00000000 0.05358338 -0.01592696 -0.08414423 0.05320203 -0.04838831 -0.01280006 0.99732857
570.00000000 0.14578510 0.00639167 0.15076474 0.06713693 0.70966903 -0.04053706 -0.70015658
570.00000000 -0.00483276 -0.00261722 -0.00131062 0.05533152 0.57347553 -0.04189664 0.81627747
570.00000000 -0.06328385 0.01837405 0.20503632 0.05618069 0.87360502 -0.05256827 0.48051491
570.00000000 0.04586811 0.00453287 0.12876036 0.05985755 -0.24905334 0.02223273 0.96638254
570.00000000 0.07773248 0.00052675 0.11554262 0.07020252 0.98317340 -0.13578965 0.10001424
570.00000000 0.01704197 -0.00795195 -0.03754364 0.02595812 0.44222414 -0.01990921 0.89630776
570.00000000 0.19208681 -0.00482447 0.05568617 0.00602851 0.72103379 -0.11024135 -0.68404735
570.00000000 0.13382504 -0.00296598 0.08574266 0.06235080 -0.21519905 0.01234528 0.97449953
570.00000000 0.02319052 -0.00944624 -0.04359064 0.04099388 0.43154291 -0.01937878 0.90095210
570.00000000 0.06722344 -0.00544287 0.06036183 0.05432852 0.83836976 -0.14449707 0.52278596
570.00000000 -0.06270349 0.01517854 0.20745154 0.07027704 0.97252807 -0.05140803 0.21588773
570.00000000 -0.02606516 -0.00263111 -0.00630792 0.06963120 0.88574630 -0.11989873 0.44297775
570.00000000 0.04762793 0.00796617 0.15692098 0.04593897 0.45959143 -0.09997910 0.88128855
570.00000000 0.04411582 -0.00460557 0.02487231 0.05764853 0.91340535 -0.16906368 0.36576603
570.00000000 0.02298027 0.00346139 0.10946924 0.04453165 0.86083835 -0.14035674 0.48710806
570.00000000 0.04801296 -0.01335909 -0.07454877 0.02608599 0.18214732 -0.00145404 0.98292409
570.00000000 0.19741563 -0.00611256 0.08843426 0.04826840 0.85099627 -0.09737558 -0.51380299
570.00000000 0.12252031 -0.00242201 0.08453338 0.01337847 0.03822605 -0.03205427 0.99866526
570.00000000 0.12435136 -0.00146104 0.07870805 -0.03034292 -0.49894395 0.03553624 0.86537357
570.00000000 0.12605595 -0.00209370 0.08528494 -0.04910934 -0.38445009 0.03713856 0.92109019
570.00000000 0.14523403 0.00917336 0.23570799 0.07229780 0.87894129 -0.06378769 -0.46708283
570.00000000 0.05296893 -0.01560590 -0.08758458 0.05388596 -0.12363365 0.00090515 0.99086336
570.00000000 0.13199631 -0.00163239 0.08940336 0.03911814 -0.58666761 0.07759643 0.80515196
570.00000000 0.09968640 0.00158622 0.09885949 0.02041655 -0.43184527 0.03114065 0.90117872
570.00000000 0.03056445 0.00204321 0.08682173 0.03228366 0.82021457 -0.13128886 0.55584985
570.00000000 0.04633219 0.00156806 0.09670371 0.02584674 0.86485862 -0.12793209 0.48475241
570.00000000 0.12571253 -0.00978698 -0.12602907 0.03872033 -0.06672334 0.04987180 0.99577183
570.00000000 0.06154630 -0.00157945 0.08257161 0.01202216 0.98775369 -0.15555272 -0.00120962
570.00000000 0.04930791 0.00119255 0.09652371 0.03066803 0.89634419 -0.12505409 0.42424996
570.00000000 -0.01510515 -0.00112017 0.06090673 0.03547317 -0.43599028 0.05252988 0.89771641
570.00000000 0.09508068 0.00411790 0.13514068 0.03201686 -0.62213565 0.08854401 0.77722719
570.00000000 0.12385382 0.01490196 0.25715947 0.05812214 0.94171177 -0.07171154 -0.32350921
570.00000000 0.09349784 0.00407257 0.16414995 0.05189950 0.92505281 -0.10749626 0.36059437
570.00000000 -0.05310420 0.00631585 0.15503543 0.00652495 0.70206575 -0.02986246 0.71145579
570.00000000 0.06497889 -0.00962393 -0.12408925 0.05501559 0.24086692 0.02607535 0.96864673
570.00000000 0.05957871 -0.00092232 0.06078885 0.04609231 0.96459645 -0.12480940 0.22770989
570.00000000 0.14571226 0.00195101 0.04430757 0.04142706 0.12716217 -0.00199884 0.99101442
570.00000000 0.05219156 0.01818413 0.21884535 -0.11482591 -0.70152892 0.00994631 0.70325903
570.00000000 0.20160902 0.00262789 -0.00401638 -0.00117049 -0.40219384 0.07988896 0.91206167
570.00000000 0.05767561 0.00140220 0.07349039 0.08253713 0.26778408 -0.05134330 0.95856308
570.00000000 0.05295997 0.00188344 0.12151651 0.09076137 0.73012957 -0.13253052 0.66416025
570.00000000 0.07466696 -0.00385922 -0.12228735 0.04774209 -0.15608119 0.03342825 0.98602328
570.00000000 0.00279915 0.01072129 0.25586923 0.06666507 0.96613052 -0.06069976 0.24179148
570.00000000 0.06096283 0.00468960 0.03505471 -0.02581398 -0.11814521 0.01829999 0.99249204
570.00000000 0.03171098 0.00379519 0.11078324 0.04850226 0.31594062 -0.03712248 0.94681095
570.00000000 0.02463051 0.00589787 0.13576075 0.02658874 -0.67167168 0.10059801 0.73350544
570.00000000 0.08115023 -0.00984747 -0.09713606 0.01762262 -0.32335987 0.06499194 0.94387705
570.00000000 0.06617853 0.00229492 0.13229572 0.05437894 0.87131007 -0.11552678 0.47383041
570.00000000 0.06225507 0.00155502 0.07530061 0.09563683 0.42422976 -0.07411820 0.89743479
570.00000000 0.13766504 -0.00025161 0.10443821 0.04995020 0.97136293 -0.13193292 -0.19118769
570.00000000 -0.03981463 0.01132046 0.16114462 -0.00190179 -0.68333274 0.06804601 0.72692674
570.00000000 0.05631231 0.00138718 0.11839340 0.07453930 0.80959133 -0.14184287 0.56470025
570.00000000 0.17937245 0.00465962 0.17916004 0.04783443 0.98820431 -0.11564293 -0.08826558
570.00000000 0.00570817 -0.00589358 -0.02658665 0.06517620 0.63547213 -0.04760315 0.76789399
570.00000000 0.01492212 0.01822984 0.22426961 0.06435382 0.78967339 -0.03707989 -0.60901528
570.00000000 0.08299436 0.00716427 0.15447644 -0.00142325 0.81983135 -0.10890325 -0.56215177
570.00000000 -0.05440360 0.00582550 0.11947377 0.01628322 0.57705851 -0.01386468 0.81642275
570.00000000 0.15803629 0.00647633 0.12357432 -0.02778057 -0.62087944 0.08759431 0.77850125
570.00000000 0.17993928 -0.00736739 0.07066205 -0.03536469 -0.62162083 0.08142658 0.77827154
570.00000000 0.05537795 0.00226081 0.13950827 0.04808082 0.90695216 -0.10325912 0.40554107
570.00000000 0.13369484 -0.00903424 -0.00253336 -0.04040972 -0.57725871 0.06858426 0.81267191
570.00000000 0.00177840 0.00575784 0.09536527 0.02100228 -0.34535120 0.00539922 0.93822295
570.00000000 0.05462704 -0.00025648 0.06569923 -0.00764343 -0.45831923 0.03821400 0.88793285
570.00000000 0.09080532 0.00470063 0.08211900 0.10597659 0.98738206 -0.11078120 -0.03966314
570.00000000 0.17421483 -0.00495989 0.09867867 0.03770773 0.74771423 -0.09241014 -0.65647690
570.00000000 0.05426689 0.00050211 0.06556018 0.00038745 -0.18665117 0.00595061 0.98240815
570.00000000 0.02895807 0.00902071 0.23309766 0.09276747 0.97690331 -0.05014934 -0.18584713
570.00000000 0.16287748 -0.00969927 0.04107110 -0.01417011 -0.47918610 0.09195274 0.87276835
570.00000000 0.07561571 -0.00062305 0.07048493 0.05032833 -0.52906776 0.05192148 0.84549307
570.00000000 0.11598541 -0.00420345 0.07765321 0.03810440 -0.61105809 0.07729606 0.78688079
570.00000000 0.07447262 0.00646766 0.19260491 0.09129377 0.87554215 -0.06632183 -0.46977953
570.00000000 0.01645866 -0.01087782 0.10305245 0.07173594 0.69960109 -0.11069497 0.70225272
570.00000000 0.02370413 -0.00152960 0.06161747 0.06776197 0.61888538 -0.10756930 0.77512454
570.00000000 0.02027869 0.01048989 0.22507003 0.09625162 0.98254898 -0.05940651 -0.14766174
570.00000000 -0.06611023 0.00014801 0.07894780 0.00638684 0.42256049 -0.02849325 0.90586422
570.00000000 -0.00339192 -0.00955864 -0.04908559 0.05029230 0.31553134 0.00170482 0.94757994
570.00000000 0.00484773 0.00433950 0.08352759 0.09634039 0.19683563 -0.05558889 0.97410684
570.00000000 -0.02286997 0.00080067 0.03737150 0.01114110 0.00766018 -0.00973224 0.99986123
570.00000000 0.11632742 0.00312710 0.14181500 0.07446775 0.96419614 -0.09695254 -0.23533073
570.00000000 0.11466596 -0.00311552 0.07620546 -0.02158773 0.76658537 -0.10576294 -0.63300477
570.00000000 -0.00085796 0.00168570 0.09024661 -0.00228102 0.92000732 -0.12374507 -0.37184471
570.00000000 0.12697347 -0.00983003 -0.02068737 -0.05625155 -0.53227223 0.07237144 0.84159635
570.00000000 0.01162315 0.00314223 0.08608465 0.10268692 -0.20432989 0.00309747 0.97349633
570.00000000 0.07561055 -0.01072845 -0.06734950 0.02095076 -0.18932156 0.02912955 0.98125933
570.00000000 0.07704123 -0.00080963 0.06817019 0.03020939 -0.15852657 -0.00071795 0.98689220
570.00000000 0.00898325 0.00446700 0.10116310 0.09078459 0.51878886 -0.11019014 0.84289644
570.00000000 0.06643605 0.00202655 0.08864733 -0.05659572 -0.52777894 0.03526936 0.84675994
570.00000000 0.02756897 -0.00244917 0.05995589 0.03899202 0.90902485 -0.11909917 0.39745294
570.00000000 0.07362624 0.00640824 0.16623465 0.09080638 0.80699008 -0.05341708 -0.58109193
570.00000000 0.00944743 0.00123608 0.06377715 0.06559987 0.60087069 -0.11240552 0.78867995
570.00000000 0.01936988 -0.00157781 0.06105775 0.07430026 0.97071003 -0.10879620 0.20091016
570.00000000 0.06285947 -0.00676666 -0.00145481 0.06567401 0.96633600 -0.10396676 0.22599241
570.00000000 0.05467261 0.00075229 0.07792765 0.03821278 0.78518884 -0.08075907 0.61277748
570.00000000 0.12425068 -0.00871952 -0.01548424 -0.02146054 -0.56148038 0.07521520 0.82378511
570.00000000 0.11896866 -0.00810711 0.01617413 0.08147773 0.99250815 -0.08247856 -0.03855177
570.00000000 0.04073107 0.00306595 0.12937503 -0.00587092 0.46291232 -0.01294558 0.88629009
570.00000000 0.05016758 -0.00579738 0.00808930 0.03097349 0.97430754 -0.10635375 0.19609780
570.00000000 0.05347466 0.00089591 0.08337801 -0.00709745 0.30352250 0.00257697 0.95279435
570.00000000 0.14704937 -0.00837019 0.07763214 0.00343846 -0.28007442 0.00359690 0.95996539
570.00000000 0.08513968 0.00618482 0.14158744 0.03803565 0.88410858 -0.09066074 0.45682157
570.00000000 0.06671303 0.00129465 0.06971180 -0.01681791 0.17786012 0.00553962 0.98389646
570.00000000 0.12625912 -0.01039712 -0.01333879 -0.02814159 -0.62474141 0.08283077 0.77591577
570.00000000 0.06379548 -0.00622651 0.00508441 0.02820780 0.98129713 -0.14615848 0.12205723
570.00000000 0.04586486 -0.00269362 0.01944083 0.04790617 0.70097911 -0.03935071 0.71048209
570.00000000 0.10290461 -0.00815423 0.00565702 0.06791779 0.98479570 -0.07372204 0.14187902
570.00000000 0.03047531 0.00538936 0.13014925 -0.00452585 0.55297858 -0.02094960 0.83291976
570.00000000 0.04268397 -0.00197152 0.03086769 0.04548176 0.74524375 -0.05414607 0.66303195
570.00000000 0.07029326 0.00175669 0.09362515 0.03954393 0.74856652 -0.09492722 0.65503684
570.00000000 0.12281475 -0.00456720 0.05992969 0.05844632 0.97266089 -0.09022582 -0.20584977
570.00000000 0.05893151 0.00023969 0.07351217 0.04189995 0.72951365 -0.08689213 0.67712922
570.00000000 0.04916837 -0.00540689 0.01035517 0.00757407 0.99305704 -0.11229618 -0.03420402
570.00000000 0.10060256 -0.00610721 0.04985735 0.10045737 0.80766731 -0.01506898 -0.58082248
570.00000000 0.10060294 -0.00525547 0.04708522 0.07755825 0.77179332 -0.03060111 -0.63038350
570.00000000 0.09115238 -0.00144906 0.07863881 0.07352976 0.92808524 -0.06513784 -0.35917716
570.00000000 0.01390419 0.00524917 0.11172024 0.00281751 0.68740600 -0.04425696 0.72491818
570.00000000 0.07882225 -0.00024918 0.10191123 0.03505612 0.67133472 -0.10264128 0.73317497
570.00000000 0.09748304 -0.00472134 0.05336742 0.06696926 0.76938720 -0.02654670 -0.63470759
570.00000000 0.08143008 -0.00064954 0.07984538 0.03612911 0.78548498 -0.11278390 0.60744367
570.00000000 0.05118490 -0.00285674 0.03007073 0.02908102 0.73530958 -0.07067854 0.67340824
570.00000000 0.08871715 -0.00196745 0.06518204 0.07250799 0.84032278 -0.06525947 -0.53323673
570.00000000 0.08149676 -0.00262493 0.06655060 0.04006115 0.74579744 -0.10199008 0.65709916
570.00000000 0.12629789 -0.00651204 0.01924342 0.01138171 -0.63426011 0.09096701 0.76766501
570.00000000 0.03591911 -0.00702500 0.02766554 0.01355795 -0.28685298 0.01294524 0.95779119
570.00000000 0.07114971 0.00541266 0.09671737 0.05752768 0.84960505 -0.13699534 0.50605741
570.00000000 0.06723862 -0.00663203 0.06267634 0.06697220 0.85843307 -0.12277628 0.49349101
570.00000000 0.07405491 -0.00467476 -0.13076421 0.06679837 0.28204267 0.01475001 0.95695995
570.00000000 0.01777094 0.00128562 0.04012772 0.00624416 0.18183546 0.00971137 0.98326119
570.00000000 0.08807614 -0.00601243 0.03254179 0.01971835 0.94617762 -0.12168916 0.29925047
570.00000000 0.08166578 0.00509294 0.20727016 0.03416117 0.99258302 -0.05784215 -0.10132252
570.00000000 0.05825301 -0.00096833 0.05134555 0.07602874 0.41323637 -0.04204359 0.90646989
570.00000000 0.10838827 0.00087717 0.08405828 -0.03584960 0.85334494 -0.11363521 -0.50754730
570.00000000 -0.09724425 -0.00835705 0.06456102 0.05679235 -0.38616045 0.04476488 0.91959276
570.00000000 0.20869140 0.00285363 0.11588910 0.02228311 0.96585475 -0.10321797 -0.23658849
570.00000000 0.05768795 -0.00456431 0.02686476 0.03264155 0.92422575 -0.09034095 0.36956705
570.00000000 0.06971442 0.00073254 0.21254478 0.03465213 0.99827238 -0.04233624 0.02142717
570.00000000 0.14173252 -0.00479686 0.02333510 0.05116495 0.99281579 -0.09580343 0.05020615
570.00000000 0.02106272 -0.00461382 -0.06683513 0.06146373 0.49147368 -0.02209348 0.86843981
570.00000000 -0.05212031 0.00185224 0.10741219 0.02055394 -0.45732338 0.02176714 0.88879641
570.00000000 0.11734493 0.00281197 0.06001536 0.04666759 -0.68878636 0.09247608 0.71752607
570.00000000 0.17104238 -0.00344429 0.02400737 0.06580661 0.99213431 -0.07742978 -0.07310015
570.00000000 0.09399390 -0.00116757 0.08773954 0.04272713 -0.62549241 0.08144028 0.77479101
570.00000000 0.08840047 0.00503736 0.20410112 0.06208062 0.98494353 -0.05479588 -0.15175526
570.00000000 0.07988422 -0.00479554 0.08007906 0.04653853 0.84023767 -0.10104727 0.53068283
570.00000000 0.05521863 -0.00050284 0.08573298 0.05858411 0.31298594 -0.03434887 0.94732669
570.00000000 -0.03293216 0.00086543 0.07340633 0.01516435 -0.53137791 0.03594890 0.84623592
570.00000000 -0.02246054 -0.00115454 0.05190402 0.04150819 -0.30470613 0.01242102 0.95146044
570.00000000 0.16798477 -0.00260639 0.02477362 0.04158091 0.19678629 -0.01283039 0.97948025
570.00000000 0.00207234 -0.00211559 0.04924939 0.04674061 -0.39124530 0.03507212 0.91842930
570.00000000 0.15348599 -0.00147400 0.12805082 0.03753474 0.99182959 -0.09274737 0.07914000
570.00000000 0.07918303 -0.00586078 0.03537368 0.00898523 0.98458174 -0.12405780 0.12299480
570.00000000 0.12465703 0.00384511 0.08127627 0.02810715 -0.66280584 0.09608696 0.74206853
570.00000000 0.07612434 -0.00410294 0.08016520 0.02509055 0.91689631 -0.11047283 0.38271056
570.00000000 0.12631687 0.00053359 -0.01438356 0.01893336 -0.43554691 0.06667535 0.89749363
570.00000000 0.01758216 -0.00361436 -0.03664187 0.02207319 -0.21989781 0.03891390 0.97449650
570.00000000 0.18430303 0.00539682 0.12125225 0.02838882 0.89145675 -0.10330237 -0.44025851
570.00000000 0.01682072 -0.00039906 0.09363103 -0.02546971 0.88681163 -0.11183027 -0.44767222
570.00000000 0.13270339 -0.00626828 0.02055661 0.04938610 0.98999498 -0.09611466 0.09073543
570.00000000 0.09344306 -0.00717568 0.02799165 0.07267813 0.98298420 -0.11746258 0.12108876
570.00000000 0.02359423 -0.00624503 0.02049969 0.10202640 0.83055716 -0.04346106 0.54578069
570.00000000 0.09303230 0.00205634 0.13689157 0.06552836 0.81320215 -0.07177868 -0.57380843
570.00000000 0.02855343 -0.00485545 0.03240036 0.07465781 0.86813659 -0.07655431 0.48466948
570.00000000 0.12293894 -0.00129199 0.05427873 0.00338936 0.15321039 -0.01681066 0.98804478
570.00000000 0.05987695 -0.00623416 0.03291047 0.06165904 0.98942744 -0.12409932 0.04278858
570.00000000 0.01745076 -0.01204833 -0.05235890 0.00944052 0.48492715 -0.01689200 0.87434044
570.00000000 0.09124949 -0.00207866 0.10837731 0.06832605 0.97257943 -0.10890642 0.19380454
570.00000000 0.06273754 -0.00160641 0.05795770 0.08113405 0.58948184 -0.09296675 0.79830171
570.00000000 0.05230073 -0.01297969 0.18271741 0.02650528 -0.31680590 0.00434063 0.94811004
570.00000000 0.10800105 0.00635682 0.14610068 0.09489802 0.92166861 -0.08313334 -0.36689262
570.00000000 0.02366315 -0.00407600 0.02834281 0.06003974 0.08306149 -0.01632939 0.99460011
570.00000000 0.08814916 -0.00700610 0.02576581 0.04864447 0.97468329 -0.11479396 0.18560322
570.00000000 0.03643495 -0.01137737 -0.06284335 0.00980320 0.39637786 0.01526506 0.91790820
570.00000000 0.04651046 -0.00382596 0.05264366 0.01648393 0.92696606 -0.10144835 -0.36079140
570.00000000 0.05638918 -0.00351337 0.04675814 0.04832483 0.83661390 -0.13123532 0.52964062
570.00000000 -0.01236497 -0.00258033 0.11175592 -0.00711653 -0.45482657 0.02526882 0.89019303
570.00000000 0.05630821 -0.00061187 0.08892410 0.06725249 0.32250667 -0.05554097 0.94254005
570.00000000 0.19850745 0.00354620 0.13927368 0.02884801 0.75530458 -0.08508388 -0.64918681
570.00000000 -0.01981358 0.00215470 0.13009718 0.03413357 0.80311622 -0.02857081 0.59415734
570.00000000 0.06474894 -0.00667136 0.03283175 0.06677101 0.98917771 -0.12783067 0.02698921
570.00000000 0.08281115 -0.00790207 0.07626410 0.05841117 -0.57122890 0.08675266 0.81410052
570.00000000 0.17117675 -0.00450088 0.08012790 0.04777710 0.76950876 -0.11190644 -0.62693745
570.00000000 0.04453126 -0.00922083 0.19011159 0.00805624 -0.34655631 0.00690545 0.93796915
570.00000000 0.10857227 -0.01337124 0.02305326 0.00650467 -0.46893655 0.05505247 0.88149046
570.00000000 0.13550143 -0.00326614 0.11006885 0.04379320 0.98644404 -0.11503973 -0.10851809
570.00000000 0.09662463 -0.01022157 0.17812717 0.00094536 -0.33791162 -0.00725105 0.94114944
570.00000000 0.11604111 -0.00924598 0.04959321 -0.01562760 -0.59902081 0.06896237 0.79760519
570.00000000 0.05089254 -0.00752808 0.08014031 0.05288165 -0.51879922 0.06095153 0.85107920
570.00000000 0.04142386 0.00059554 0.06889229 0.04094539 0.58463134 -0.08575752 0.80571417
570.00000000 0.05635187 -0.00582173 0.04069966 0.02229129 0.98250508 -0.15969499 -0.09319003
570.00000000 0.01656100 0.00344469 0.16201631 0.06168785 0.98164027 -0.05042675 0.17330360
570.00000000 0.00905226 -0.00644857 -0.01451160 0.06520321 0.65745248 -0.04770632 0.74915211
570.00000000 -0.01347378 0.01431577 0.14057839 0.05915317 0.74516468 -0.07356866 0.66016524
570.00000000 -0.09493390 0.01917800 0.11626887 0.03493610 0.10387731 -0.02478910 0.99366718
570.00000000 0.08640034 0.00429411 0.14998431 0.09080598 0.17452268 -0.04198379 0.97955779
570.00000000 0.29288197 0.00024056 0.27880660 0.02119210 0.52911033 -0.03871922 0.84740426
570.00000000 -0.01572598 0.01951633 0.16331584 -0.02556483 0.09668145 -0.02530995 0.99466504
570.00000000 0.06288225 0.01620606 0.05125962 0.06326571 0.17884423 0.02095059 0.98161768
570.00000000 -0.17904712 0.03590821 0.21653507 -0.03153594 -0.17781264 -0.04036328 0.98273036
570.00000000 -0.27619523 0.03836519 0.28946433 0.03072929 0.08475099 -0.05216217 0.99456125
570.00000000 0.16434742 -0.00271978 0.08805747 0.02969939 0.76456755 -0.05976620 0.64107910
