570.00000000 0.00012744 0.00027167 -0.00001520 -0.00005050 0.00000312 0.00004331 1.00000000
570.00000000 0.10702486 0.00789537 0.14247772 0.05166603 -0.54044239 0.07525617 0.83641446
570.00000000 0.13517630 0.00499889 0.09224341 0.03698891 -0.60020487 0.07969818 0.79500574
570.00000000 0.07523540 -0.02786918 -0.16524227 0.03358048 0.99205610 -0.10282978 -0.06421127
570.00000000 -0.24011829 0.03766705 0.41682965 0.04041552 0.81669419 -0.04965815 0.57350784
570.00000000 -0.24785210 0.01985727 0.31506070 0.04290484 0.69385433 -0.02189533 0.71850257
570.00000000 -0.23017678 -0.00362466 0.06948681 0.03186589 0.95912834 -0.06330092 0.27395327
570.00000000 0.28847909 -0.00256237 0.04254509 0.04204135 -0.66958397 0.07395353 0.73784870
570.00000000 0.22342789 0.00190972 0.11415772 -0.05754279 -0.40838150 0.05631584 0.90925349
570.00000000 0.40818700 -0.01827009 -0.12013869 0.01333690 -0.63555190 0.06648000 0.76907497
570.00000000 -0.09561910 -0.00052306 -0.08540151 0.08912788 0.52123498 -0.06124243 0.84653393
570.00000000 0.28003049 -0.00028764 0.04351893 0.03276618 -0.62664164 0.08443162 0.77402709
570.00000000 0.04401597 -0.00050083 0.16361168 0.07441246 -0.20275249 0.01266613 0.97631644
570.00000000 0.02517291 0.00173943 0.25983831 0.10286620 0.67843047 -0.13238391 0.71527977
570.00000000 -0.03620336 0.00753893 0.19317019 0.05624428 0.79616543 -0.10981184 0.59236691
570.00000000 -0.01214742 0.01471530 0.26974180 0.03886893 0.89207822 -0.13199726 0.43042116
570.00000000 -0.22898546 0.01943022 0.43460780 0.06188240 0.92908384 -0.04908525 0.36133699
570.00000000 0.70747888 -0.03866934 -0.05088059 -0.04346845 -0.61608561 0.07317236 0.78306757
570.00000000 0.06583437 -0.05357071 -0.19322856 0.04502659 0.98062406 -0.14350853 0.12551634
570.00000000 0.02930252 0.00469137 0.18999358 0.05644519 0.79740817 -0.13406223 0.58564619
570.00000000 -0.03946283 -0.00495981 0.12064085 0.07265354 0.84715150 -0.09309583 0.51806270
570.00000000 0.22297131 -0.00758370 0.09043512 0.03283088 0.09419288 -0.03632886 0.99434906
570.00000000 -0.23324274 0.01599284 0.16523466 0.03370720 0.45885163 -0.02777613 0.88743873
570.00000000 0.19986956 -0.03731863 -0.36708072 0.02151018 -0.06933582 0.02831644 0.99695940
570.00000000 0.25046083 0.00648548 0.41124579 0.08904897 0.90695062 -0.03454996 -0.41026474
570.00000000 0.06595445 0.00569872 0.24026757 0.04748875 0.94150675 -0.12936985 0.30752772
570.00000000 0.36663967 -0.00776131 0.03893603 0.01787079 -0.66695801 0.09154668 0.73923396
570.00000000 0.28508249 0.01964401 0.34195757 0.07424272 0.81591245 -0.06815460 -0.56932402
570.00000000 0.35644463 -0.03080682 -0.29044077 0.01224613 -0.41015449 0.06691244 0.90947570
570.00000000 0.26943389 0.01450586 0.20276390 -0.09499063 -0.57126120 0.02753239 0.81478794
570.00000000 -0.02666943 0.00653731 0.24604908 0.08185750 -0.17838988 0.01405571 0.98044828
570.00000000 0.28431621 0.01811852 0.33855611 0.06949771 0.79886344 -0.05917451 -0.59454659
570.00000000 -0.27505079 0.02584506 0.37020969 0.04065864 0.95130569 -0.07089950 0.29721646
570.00000000 -0.27513657 0.02603502 0.37022480 0.04055754 0.95131123 -0.07086338 0.29722115
570.00000000 -0.05597284 0.02247175 0.26643713 0.02287093 -0.37067247 0.02902045 0.92802837
570.00000000 -0.32902253 0.02716183 0.24119853 0.03371034 -0.43176934 0.02631193 0.90096977
570.00000000 -0.13234031 0.00580889 -0.03782078 0.04985341 -0.33813514 0.03893540 0.93896927
570.00000000 -0.27332359 0.00423211 0.06485922 0.03639480 -0.62160821 0.08156875 0.77821924
570.00000000 0.03485275 -0.01724215 0.17008677 0.05428467 0.99042053 -0.12317454 0.03079589
570.00000000 -0.03032363 -0.02178719 0.02945450 -0.01392428 0.70860119 -0.10921217 -0.69696712
570.00000000 -0.13944996 0.00235512 0.29524363 0.05128362 0.85934903 -0.07151252 -0.50376105
570.00000000 -0.37482357 0.01121395 0.08083775 0.06020894 -0.45573573 0.06132408 0.88595665
570.00000000 -0.08202928 -0.02782248 0.06981538 0.02254228 0.71656055 -0.09454900 -0.69071942
570.00000000 -0.53593808 0.03384339 0.20441275 0.07849792 -0.16061141 0.00774281 0.98386081
570.00000000 -0.08526610 -0.01591976 0.06418956 0.03248809 0.83388737 -0.14754108 0.53085592
570.00000000 -0.31460451 0.02785421 0.23802010 0.06604032 -0.26031939 0.02064197 0.96304019
570.00000000 -0.07679139 -0.02478978 0.06439499 0.01568114 0.95195949 -0.17723548 0.24922844
570.00000000 -0.34967650 0.01179271 0.24518682 0.01434333 0.77973834 -0.02955590 0.62524303
570.00000000 -0.24468785 0.00579549 0.17860181 -0.06110836 -0.67070644 0.03341481 0.73844573
570.00000000 -0.10177616 -0.00023385 0.18312685 0.03044234 0.74566074 -0.11899028 0.65490812
570.00000000 -0.34651381 0.01362677 0.26135854 0.00879204 0.81233413 -0.03617007 0.58200316
570.00000000 -0.07774123 -0.01338151 -0.07325635 0.04179454 -0.26654220 0.03344822 0.96233554
570.00000000 -0.19280101 0.00677515 0.32056808 0.05282175 0.95608141 -0.09639127 -0.27171109
570.00000000 -0.30024476 0.00158473 -0.22204147 0.03684946 -0.38204536 0.05103484 0.92199724
570.00000000 -0.07489963 0.01199980 0.01610340 0.01996360 -0.01232960 -0.01250956 0.99964641
570.00000000 -0.14412278 -0.02652999 -0.23614570 0.01371842 0.39736717 0.01903592 0.91735967
570.00000000 -0.10350417 0.00135226 0.17104164 -0.01603922 -0.64928571 0.09649698 0.75422751
570.00000000 0.01323572 -0.02500899 0.03988406 0.02469565 0.90357519 -0.14932089 0.40080578
570.00000000 0.05434374 0.01838857 0.01599590 0.02465692 -0.12809771 0.01166157 0.99138641
570.00000000 -0.17592650 0.02497656 0.23750006 0.01650247 -0.36179202 0.02498281 0.93177790
570.00000000 0.02888529 -0.00002122 0.28540866 0.04492933 0.96351067 -0.14212335 -0.22232747
570.00000000 0.01896353 -0.02526002 0.03078268 0.02822441 0.93329427 -0.14329044 0.32807475
570.00000000 0.06710852 0.00133912 0.28940182 0.02921180 0.98693651 -0.13449218 -0.08375475
570.00000000 -0.45151134 0.02428403 0.12057586 0.01331384 -0.36988123 0.01959014 0.92877707
570.00000000 -0.48367659 0.02272730 0.12453445 -0.01723905 -0.04079216 0.00777117 0.99898870
570.00000000 -0.11970202 -0.00455116 0.14655025 0.03353630 0.71248321 -0.11754630 0.69096010
570.00000000 -0.11974026 -0.00453368 0.14654723 0.03352950 0.71247248 -0.11732096 0.69100979
570.00000000 -0.06209557 -0.01595947 0.05178684 -0.00532435 0.74002100 -0.12068975 -0.66164534
570.00000000 -0.06076901 -0.01171508 0.12834604 0.05077279 0.94642208 -0.11317267 -0.29815990
570.00000000 -0.26571027 -0.00719270 0.15546049 0.01093600 0.68744584 -0.00153302 0.72615169
570.00000000 -0.14039210 -0.02854186 -0.07986513 0.03874928 0.49795972 -0.04765149 0.86502251
570.00000000 -0.07766213 -0.01665758 0.07068198 0.02464107 0.88742750 -0.15625211 0.43295557
570.00000000 -0.11819570 -0.00961219 0.01014277 -0.02001389 -0.25115932 0.04325682 0.96677158
570.00000000 -0.11620982 -0.00719481 0.13495585 0.01239030 0.90595615 -0.15345335 0.39438813
570.00000000 0.10996420 -0.00889225 -0.01145656 -0.02936642 -0.52608851 0.13068475 0.83981545
570.00000000 -0.13738249 -0.00450918 0.11847668 0.05473045 0.37184347 -0.05967893 0.92475696
570.00000000 -0.21239830 -0.01363394 0.01634033 0.03887178 -0.46160198 0.07828481 0.88277069
570.00000000 -0.06862167 -0.01097623 0.00988712 0.03413817 -0.52457883 0.09682523 0.84514881
570.00000000 -0.22394663 0.00574788 0.25599705 0.04631767 0.92222560 -0.04916094 0.38070701
570.00000000 -0.06617734 -0.00144173 0.15515247 0.05473260 0.82969058 -0.10573684 -0.54537841
570.00000000 -0.05320306 -0.02517256 -0.14499100 0.05348752 -0.08036438 0.06641239 0.99311130
570.00000000 -0.08554758 0.00265896 0.17770498 0.04047084 0.84996580 -0.10504907 -0.51466975
570.00000000 -0.05735478 0.00303477 0.21204619 0.03608705 0.94751041 -0.10190841 0.30089270
570.00000000 0.02766334 -0.01930919 0.07012052 0.05962368 0.99239801 -0.09937854 0.04141399
570.00000000 -0.13283532 -0.01068305 0.04854727 -0.07478933 -0.56933985 0.06602991 0.81602619
570.00000000 -0.09396494 -0.01036547 0.08926986 0.06459448 0.65692152 -0.11090484 0.74295477
570.00000000 -0.09448086 -0.00612602 0.06486469 0.01994964 -0.36957303 0.04746906 0.92777393
570.00000000 -0.13359395 -0.01773721 0.02892848 0.07268901 0.82332347 -0.06632950 0.55897689
570.00000000 -0.11192904 -0.00234983 0.15824168 0.01153428 0.70246291 -0.12199593 0.70109187
570.00000000 -0.16053562 -0.00947864 0.02587217 -0.01595309 0.07139413 0.02279521 0.99706006
570.00000000 -0.11824205 -0.02130199 -0.15166435 0.04526663 -0.27713677 0.06400352 0.95762712
570.00000000 -0.10023629 0.00127681 0.22315353 0.06690304 0.94161353 -0.07534979 -0.32126367
570.00000000 -0.12774975 0.00225310 0.16173032 0.06437239 0.81514337 -0.03244294 -0.57475642
570.00000000 -0.01678555 -0.01935369 -0.12617268 -0.00799587 -0.43115484 0.10002730 0.89668061
570.00000000 -0.14404943 -0.02305160 -0.00369141 0.04067648 0.74189555 -0.03724014 0.66824366
570.00000000 -0.06505827 -0.01261695 0.06461642 -0.00153737 0.76921063 -0.11072418 -0.62932725
570.00000000 -0.07834617 -0.02059928 0.05032526 0.04712503 0.98656621 -0.14959458 0.04569254
570.00000000 -0.18592726 0.01075157 0.29114526 0.03601701 0.97365910 -0.07956233 0.21061948
570.00000000 -0.06028734 -0.00139031 0.09497795 0.05856356 -0.30206736 0.04434533 0.95045206
570.00000000 -0.06024963 -0.00139937 0.09499766 0.05847283 -0.30208014 0.04443462 0.95044941
570.00000000 -0.03801210 -0.02633465 -0.08587806 0.00551701 -0.13331537 0.08105187 0.98773841
570.00000000 -0.05876899 -0.02822307 -0.08881213 0.01237668 -0.03906098 0.06139475 0.99727215
570.00000000 -0.05137400 -0.00220523 0.09037178 0.00713003 -0.39845928 0.06619387 0.91476649
570.00000000 -0.15781427 -0.01865095 -0.04198608 0.02694333 0.41969352 0.00116700 0.90726514
570.00000000 -0.16032457 -0.01380722 0.00278816 0.02275766 0.71238245 -0.06457067 0.69844396
570.00000000 -0.22946031 -0.00790106 0.05604138 -0.00788427 0.23405850 0.01257529 0.97210921
570.00000000 -0.07791266 -0.02795259 -0.09523589 0.03480691 -0.20052387 0.04381663 0.97808934
570.00000000 -0.05791933 0.01123596 0.15632423 0.05334086 0.80855328 -0.07789056 -0.58080066
570.00000000 -0.16170437 -0.01810328 -0.03369111 0.01672959 0.44203245 -0.00816306 0.89680588
570.00000000 -0.28914166 0.00567381 0.17353526 0.01312614 0.80837066 -0.04190532 0.58703367
570.00000000 -0.15320171 -0.00185025 0.10703499 0.04601640 -0.39215039 0.08200649 0.91508224
570.00000000 -0.14040447 0.00172982 0.12139975 0.03904440 0.95892729 -0.14041744 0.24334528
570.00000000 -0.12890102 -0.02218313 -0.06324045 -0.01150522 0.29771171 0.01647714 0.95444427
570.00000000 0.01829261 0.00153622 0.07653223 0.00248017 0.81467583 -0.15373200 -0.55916331
570.00000000 -0.05427728 -0.00173846 0.09290556 0.04795851 -0.36002342 0.07243777 0.92888960
570.00000000 -0.12060750 -0.02320871 -0.06724044 0.00336393 0.28688636 0.02050087 0.95773933
570.00000000 -0.11705082 -0.01157401 0.04967452 0.02541925 0.75517012 -0.12807837 0.64239231
570.00000000 -0.30057479 -0.00020684 0.15741741 0.03032686 0.92961898 -0.04930339 0.36394782
570.00000000 -0.18361351 -0.01811316 -0.03687554 0.03809280 0.81562277 -0.10608908 0.56749762
570.00000000 -0.16185371 0.00293978 0.13809352 0.02021607 0.31761719 -0.05970030 0.94612182
570.00000000 -0.11913184 -0.01278064 0.01336395 0.02995133 0.85575312 -0.15623826 0.49232014
570.00000000 -0.16965924 -0.00448873 0.09462235 0.01406747 0.78351648 -0.12926077 0.60761475
570.00000000 -0.08657626 -0.02578465 -0.08919786 -0.00442211 0.02840177 0.04552431 0.99854961
570.00000000 0.00920983 0.00118637 0.10934930 0.03541183 0.91670701 -0.13094706 -0.37582859
570.00000000 -0.06548663 -0.00209665 0.08884960 -0.00535291 -0.11761771 0.01673583 0.99290349
570.00000000 -0.06184948 -0.00128087 0.08324061 -0.03111535 -0.62665462 0.08219019 0.77432590
570.00000000 -0.06204504 -0.00167662 0.09069882 -0.05626482 -0.52350925 0.08039896 0.84635001
570.00000000 -0.08477147 0.01518698 0.23605175 0.04970246 0.93892201 -0.09210029 -0.32783023
570.00000000 -0.07755971 -0.02781471 -0.09848042 0.03712901 -0.27334642 0.05863184 0.95940892
570.00000000 -0.05263662 -0.00055006 0.09310222 0.03622857 -0.69894963 0.13214636 0.70192182
570.00000000 -0.09059853 -0.00043451 0.09456663 0.01555247 -0.56377521 0.08540343 0.82135369
570.00000000 -0.15908629 -0.00536228 0.07882607 0.00124608 0.74317898 -0.11693174 0.65879467
570.00000000 -0.15906190 -0.00535462 0.07882701 0.00128252 0.74318407 -0.11678397 0.65881507
570.00000000 -0.00344703 -0.01450451 -0.09273318 0.00868623 -0.26620833 0.10640188 0.95798555
570.00000000 -0.14143208 -0.00777254 0.07083892 -0.00071147 0.96177658 -0.17052949 0.21425449
570.00000000 -0.15669934 -0.00538781 0.07989228 0.00491378 0.78667299 -0.11686615 0.60618790
570.00000000 -0.18185184 -0.01162239 0.04113546 0.02688856 -0.61678660 0.11386940 0.77838619
570.00000000 -0.12794762 0.00590392 0.13776839 -0.02844801 0.76964004 -0.14701855 -0.62066937
570.00000000 -0.17166586 0.02065038 0.25155262 0.03505270 0.98912864 -0.09352033 -0.10793423
570.00000000 -0.14321439 0.00353618 0.15737379 0.02256496 0.82908314 -0.09932065 0.54977029
570.00000000 -0.27275519 -0.00926389 0.09110654 -0.03614411 0.53833387 -0.01076895 0.84188733
570.00000000 -0.05411778 -0.02051017 -0.11331371 0.01449415 0.03837366 0.07749619 0.99614844
570.00000000 -0.13437137 -0.00688597 0.05277312 0.02257792 0.89432047 -0.12288871 0.42962716
570.00000000 -0.05132056 0.00364053 0.07380719 0.01244023 -0.07626411 0.05066957 0.99572166
570.00000000 -0.18620550 0.01374986 0.18873756 0.09514714 0.83355849 -0.03594960 -0.54298701
570.00000000 0.01509100 0.00843792 0.05610651 -0.02167579 -0.58453348 0.13416111 0.79990722
570.00000000 -0.13654944 -0.00575991 0.06098230 0.05644233 0.06229462 0.00604812 0.99644220
570.00000000 -0.16320153 -0.00390875 0.10374608 0.06740783 0.57757293 -0.09692307 0.80775715
570.00000000 -0.04250255 -0.01420928 -0.10744853 0.02505430 -0.35756340 0.09809961 0.92838417
570.00000000 -0.26279712 0.00385694 0.20370522 0.02851377 0.89505491 -0.05610588 0.44149270
570.00000000 -0.12348494 -0.00381303 0.03438013 -0.04671818 -0.32495759 0.06576271 0.94228193
570.00000000 -0.17823006 -0.00509018 0.08637146 0.01820908 0.11281301 0.01173104 0.99338011
570.00000000 -0.18107318 0.00079512 0.10379200 -0.02369304 0.80181694 -0.15727962 -0.57601333
570.00000000 -0.02718840 -0.01430254 -0.07158211 0.00015688 -0.51442299 0.12154038 0.84887979
570.00000000 -0.15492449 -0.00177364 0.11833445 0.02665192 0.75329653 -0.09961352 0.64954689
570.00000000 -0.13429162 -0.00508017 0.06825016 0.06832002 0.23163916 -0.02077720 0.97017729
570.00000000 -0.06833992 0.00409625 0.12959859 0.03672828 0.98797972 -0.14908757 0.01788857
570.00000000 -0.23971663 -0.00098884 0.09555750 -0.00430038 0.80985809 -0.11825229 -0.57456747
570.00000000 -0.15778665 -0.00414080 0.10185159 0.05247498 0.67457752 -0.11566786 0.72719494
570.00000000 -0.07512332 0.01311759 0.20461260 0.02828153 0.98312816 -0.12920364 0.12635506
570.00000000 -0.14591171 -0.01966773 -0.04717728 0.02689612 0.46513800 -0.01229805 0.88474403
570.00000000 -0.22428619 0.01137695 0.18378508 0.04552167 0.89331022 -0.07040229 -0.44155198
570.00000000 -0.13841602 0.00596593 0.14447221 -0.00582979 0.90941169 -0.15097993 -0.38748092
570.00000000 -0.25929195 -0.01141855 0.05890509 -0.02693486 0.39499008 0.01486421 0.91817014
570.00000000 -0.05753802 0.01162272 0.15081075 0.03462222 0.76808772 -0.13135670 -0.62576991
570.00000000 -0.05749346 0.01165594 0.15083953 0.03464868 0.76809831 -0.13130560 -0.62576616
570.00000000 -0.19058552 0.00833458 0.15375488 0.00652149 0.80281366 -0.09298897 0.58889792
570.00000000 -0.06947762 0.00305150 0.06871268 0.04007016 0.73210737 -0.11869084 -0.66957126
570.00000000 -0.22385247 0.00391995 0.10227202 0.01648016 -0.52906881 0.07097101 0.84544528
570.00000000 -0.16603052 0.00359148 0.09754001 -0.01076805 -0.63007784 0.09718713 0.77035098
570.00000000 -0.13744339 0.01345676 0.12400390 0.07060833 0.97602831 -0.11415656 0.17132274
570.00000000 -0.07430931 0.01414900 0.17345086 0.02907350 0.86649043 -0.13780785 -0.47891341
570.00000000 -0.16469648 0.00380304 0.09676657 -0.01474132 -0.38546088 0.06610842 0.92023491
570.00000000 -0.25425175 0.01421069 0.23371517 0.04883699 0.99632426 -0.06444018 0.02829087
570.00000000 -0.06028270 0.00673903 0.11824829 -0.02640894 -0.64666420 0.14733775 0.74794356
570.00000000 -0.14863624 0.00587695 0.10994701 0.04776444 -0.68717301 0.12152555 0.71466310
570.00000000 -0.11705693 0.00739695 0.13174372 -0.03698944 0.75552854 -0.14272390 -0.63830893
570.00000000 -0.19999481 0.01576009 0.21645169 0.06365892 0.95629515 -0.09397972 -0.26947159
570.00000000 -0.22432154 -0.00863154 0.12610994 0.03359031 0.55942429 -0.08130277 0.82420023
570.00000000 -0.18990234 -0.00195832 0.08272227 0.02887581 0.45193725 -0.07029621 0.88880670
570.00000000 -0.25563441 0.01386826 0.22146068 0.05368463 0.99397906 -0.07043647 0.06451589
570.00000000 -0.28125820 -0.01256530 0.05797005 -0.03791785 0.23387966 0.01247326 0.97144581
570.00000000 -0.17773519 -0.01617229 -0.02869994 0.00414345 0.11868896 0.06140042 0.99102258
570.00000000 -0.21176316 0.00208037 0.09171920 0.06784888 -0.01425728 0.02024972 0.99738819
570.00000000 -0.21864533 -0.00599962 0.04393562 -0.01416419 -0.20135115 0.05072985 0.97810203
570.00000000 -0.14174539 0.01604232 0.18830139 0.04256067 0.99208869 -0.11603652 -0.02200349
570.00000000 -0.11994361 0.00793710 0.13000963 -0.02767498 0.87676754 -0.16253959 -0.45176727
570.00000000 -0.22414774 0.00018385 0.10047846 -0.01924655 0.97268768 -0.16399734 -0.16313528
570.00000000 -0.06808610 0.00113074 0.05031117 -0.05953963 -0.69498580 0.11946534 0.70652516
570.00000000 -0.21076921 0.00209006 0.09828981 0.08723036 -0.39435266 0.08382080 0.91096153
570.00000000 -0.09330984 -0.00727367 -0.01095629 0.00093970 -0.38535282 0.09270613 0.91810016
570.00000000 -0.14959623 0.00577720 0.10941532 0.01462202 -0.35525695 0.06514920 0.93238097
570.00000000 -0.21899711 0.00195841 0.09670949 0.05550880 0.33867808 -0.05772967 0.93748772
570.00000000 -0.16441543 0.00784742 0.12214971 -0.05263787 -0.69264270 0.08353207 0.71449125
570.00000000 -0.18196427 -0.00075463 0.08346646 0.00004463 0.81431284 -0.11111492 0.56969120
570.00000000 -0.19040798 0.01475549 0.19285994 0.06747895 0.91287833 -0.08601234 -0.39332126
570.00000000 -0.20579011 -0.00137681 0.07069348 0.02958726 0.43013861 -0.07387913 0.89924816
570.00000000 -0.18986714 -0.00025142 0.08197935 0.03594430 0.91051490 -0.10493835 0.39831968
570.00000000 -0.18991092 -0.00020395 0.08201075 0.03588358 0.91060670 -0.10487462 0.39813203
570.00000000 -0.22391219 0.00865147 0.15151448 0.00458267 0.66696061 -0.06502678 0.74223585
570.00000000 -0.12781397 0.00321971 0.09322915 -0.02938295 -0.69332617 0.12111340 0.70976546
570.00000000 -0.14441645 0.00421758 0.11736719 0.05320001 0.98401434 -0.09274073 0.14242435
570.00000000 -0.25993871 0.01059109 0.19629413 -0.04074533 0.31558624 0.01104449 0.94795736
570.00000000 -0.20451519 -0.00027161 0.08599191 0.00258248 0.92211677 -0.11502463 0.36940943
570.00000000 -0.21995464 0.00929590 0.16391503 -0.04038753 0.13009338 0.03185533 0.99016655
570.00000000 -0.13404014 0.00768927 0.20169788 -0.01140234 -0.43629819 0.04581449 0.89856269
570.00000000 -0.21134181 0.01884954 0.22439883 0.00592847 0.79565681 -0.08417668 0.59984113
570.00000000 -0.21485285 0.01027870 0.15862832 -0.04778534 0.02014174 0.03817412 0.99792465
570.00000000 -0.12571295 0.00190512 0.09408177 0.03208565 0.74659421 -0.12519098 -0.65260617
570.00000000 -0.19071556 0.00036453 0.08719884 0.00813385 0.94094956 -0.15818875 0.29920576
570.00000000 -0.21118325 0.00296262 0.09817467 0.00924603 0.56886952 -0.01593067 0.82222150
570.00000000 -0.15584882 0.00229770 0.10136356 0.03420100 0.94407777 -0.07897920 0.31829190
570.00000000 -0.26361082 0.01162381 0.19375011 -0.04091069 0.39842978 0.00077080 0.91628567
570.00000000 -0.21585787 0.00345214 0.10430036 0.00832726 0.61893718 -0.03496103 0.78461784
570.00000000 -0.21315086 0.01229051 0.17885804 0.00873841 0.62766449 -0.07705437 0.77461187
570.00000000 -0.15565108 0.00919438 0.15870621 0.03641743 0.99275731 -0.11129816 -0.02682206
570.00000000 -0.22030921 0.00893083 0.15297475 0.01169018 0.60364546 -0.06636061 0.79440026
570.00000000 -0.20589462 0.00004833 0.08790373 -0.01466191 0.98003684 -0.13506148 0.14515925
570.00000000 -0.17170848 0.00547936 0.14321114 0.07941609 0.89940305 -0.04180718 -0.42780767
570.00000000 -0.17228914 0.00636109 0.14069306 0.06203390 0.87124832 -0.06204706 -0.48293718
570.00000000 -0.19080965 0.01005712 0.16799165 0.05195322 0.97713311 -0.08910080 -0.18593759
570.00000000 -0.27233562 0.00993484 0.17229471 -0.03433412 0.55147020 -0.02752382 0.83303315
570.00000000 -0.20663834 0.01019332 0.18557717 0.00783099 0.53042984 -0.07874774 0.84402704
570.00000000 -0.17702135 0.00673309 0.14499510 0.05112132 0.86969172 -0.06019918 -0.48723606
570.00000000 -0.19896180 0.00968965 0.16374051 0.00831788 0.66655305 -0.09662372 0.73912225
570.00000000 -0.20967103 0.00336757 0.10524828 -0.00455399 0.60738411 -0.05360520 0.79258456
570.00000000 -0.18933227 0.00927489 0.15466632 0.05844930 0.92138194 -0.09547936 -0.37218636
570.00000000 -0.19369680 0.00692019 0.14824887 0.01070006 0.61646626 -0.08237578 0.78298728
570.00000000 -0.14074977 0.00638489 0.12599391 -0.00462208 0.75578178 -0.13921508 -0.63983725
570.00000000 -0.20428523 -0.00114415 0.10964526 -0.00263622 -0.45288925 0.06018881 0.88952891
570.00000000 -0.21397269 0.01549708 0.17565066 0.03271967 0.74719169 -0.12403804 0.65211086
570.00000000 -0.21402102 0.01551169 0.17573662 0.03258883 0.74729891 -0.12387573 0.65202539
570.00000000 -0.13688520 0.00615832 0.00010745 0.01144928 0.09204394 0.05648333 0.99408574
570.00000000 -0.25540923 0.01830156 0.14402460 -0.03907010 0.00621231 0.05042596 0.99794396
570.00000000 -0.18399372 0.01619374 0.15548958 -0.00997507 0.86787927 -0.14372381 0.47542564
570.00000000 -0.25109139 0.03802864 0.31039866 0.00790605 0.99121040 -0.09693655 0.08968136
570.00000000 -0.22042311 0.01936044 0.16397579 0.02686920 0.23293716 -0.00327393 0.97211502
570.00000000 -0.17130363 0.02931669 0.21094637 -0.03004345 0.92215619 -0.17772562 -0.34225569
570.00000000 -0.37367658 -0.00376331 0.13251787 0.02629577 -0.55013153 0.10360398 0.82820894
570.00000000 -0.10840912 0.04072228 0.26795852 0.01187192 0.98806616 -0.14753841 -0.04262322
570.00000000 -0.20816862 0.01408608 0.13982229 -0.00514982 0.83586219 -0.10602617 0.53857807
570.00000000 -0.26369349 0.03263915 0.30957351 -0.00020130 0.97479595 -0.07633001 0.20963429
570.00000000 -0.13288522 0.02176733 0.16413836 0.02503528 0.96205643 -0.12417406 0.24166396
570.00000000 -0.20591513 0.00449784 0.03752119 0.00747466 0.30840174 0.00664344 0.95120364
570.00000000 -0.35793921 0.01482343 0.18908624 -0.00304892 -0.60715982 0.07568117 0.79096145
570.00000000 -0.16668566 0.02794766 0.19339646 -0.02753153 0.80123915 -0.15756766 -0.57656767
570.00000000 -0.10462565 0.02564934 0.17379327 0.04074471 0.98585595 -0.10867237 0.12090592
570.00000000 -0.21598157 0.02499675 0.22260756 -0.02124653 0.75261161 -0.14578924 -0.64177086
570.00000000 -0.24237524 0.03807731 0.30925045 0.03713682 0.99446675 -0.09016928 0.03906712
570.00000000 -0.20957036 0.01954479 0.19586689 0.00741076 0.72298314 -0.10397989 0.68295581
570.00000000 -0.23796083 0.02218992 0.19662059 0.01224161 0.12540443 0.00755210 0.99200143
570.00000000 -0.30032351 0.01081821 0.15775032 -0.00113812 -0.68077035 0.09487947 0.72632521
570.00000000 -0.30540386 0.00884787 0.13950219 0.01542642 -0.47522709 0.06954177 0.87697501
570.00000000 -0.10764657 0.02805759 0.17936467 -0.00465300 0.00011420 0.02929144 0.99956008
570.00000000 -0.28482978 0.01096039 0.16160385 0.02076480 -0.56023166 0.09519800 0.82258535
570.00000000 -0.15893672 0.03262624 0.26312154 0.00957022 0.95575687 -0.12248314 0.26727346
570.00000000 -0.19183982 0.01553624 0.15457154 -0.01401842 0.93818486 -0.15660995 0.30836015
570.00000000 -0.16367841 0.03236711 0.21534554 -0.00895326 0.78159708 -0.15713682 -0.60360075
570.00000000 -0.21234181 0.01987254 0.19416997 -0.00922812 0.82429310 -0.12668303 0.55173103
570.00000000 -0.15040864 0.02411066 0.14467341 -0.00737856 -0.59351940 0.12847586 0.79446475
570.00000000 -0.24961451 0.00585698 0.08111483 -0.01437028 -0.40373694 0.08987596 0.91033636
570.00000000 -0.10959953 0.04217380 0.26659565 0.02842827 0.95059352 -0.15286601 -0.26869274
570.00000000 -0.25316441 0.01947978 0.18655141 -0.02522275 0.94101048 -0.17219830 -0.29019102
570.00000000 -0.13909467 0.01932342 0.15826069 0.02155360 0.95184045 -0.12338493 0.27984165
570.00000000 -0.13912989 0.01934566 0.15830188 0.02140161 0.95188693 -0.12328843 0.27973775
570.00000000 -0.20029657 0.01091269 0.12997680 0.03923049 0.74091588 -0.01440980 0.67029620
570.00000000 -0.17943356 0.03118155 0.25063461 0.03982472 0.89390453 -0.12025149 -0.42998636
570.00000000 -0.19892875 0.01319882 0.14276764 0.01563087 0.78488036 -0.05596373 0.61691698
570.00000000 -0.13109652 0.02797922 0.18172848 -0.03367852 0.00481478 0.04664078 0.99833222
570.00000000 -0.17319270 0.01588966 0.15395345 0.01358501 0.96879861 -0.13628852 0.20656752
570.00000000 -0.18505229 0.00246823 0.06238938 -0.04283326 0.33713697 0.02856651 0.94004677
570.00000000 -0.16583917 0.02671806 0.23221772 0.01411127 0.93091270 -0.11059464 0.34780920
570.00000000 -0.18158218 0.02141005 0.17122284 0.03686244 0.45308177 -0.04048944 0.88978575
570.00000000 -0.18680876 0.01900940 0.28273026 0.01472086 -0.47425824 0.08002055 0.87661801
570.00000000 -0.16484716 0.03718988 0.26685529 0.05540717 0.97090091 -0.11574835 -0.20219740
570.00000000 -0.20720915 0.01096756 0.11449374 0.03297579 -0.03724834 0.05543209 0.99722236
570.00000000 -0.14342266 0.01849944 0.15461144 -0.00356933 0.93246131 -0.11978570 0.34081454
570.00000000 -0.16544755 0.00487019 0.05637953 -0.04247549 0.24133717 0.06669644 0.96721445
570.00000000 -0.19229636 0.01629988 0.16373496 -0.01747906 0.96953556 -0.14591508 -0.19596955
570.00000000 -0.17816743 0.01864144 0.16366181 -0.00018595 0.74425752 -0.11038669 0.65870744
570.00000000 -0.25983213 0.01316671 0.20475606 -0.00836617 -0.58440106 0.08753785 0.80668615
570.00000000 -0.20448657 0.02249417 0.19252430 0.03035767 0.17073455 0.01103847 0.98478743
570.00000000 -0.13109339 0.04080542 0.27999441 0.01317164 0.85866576 -0.14083762 -0.49263006
570.00000000 -0.27628557 0.01665252 0.21681253 -0.03010722 0.70050829 -0.00669998 0.71297742
570.00000000 -0.16856646 0.01607448 0.15479188 0.01964079 0.97125711 -0.14035915 0.19124115
570.00000000 -0.16192130 0.01918662 0.19888601 0.05342881 -0.69068194 0.16160192 0.70284325
570.00000000 -0.08988222 0.03327855 0.22290994 0.03094487 0.85948113 -0.16475530 -0.48289781
570.00000000 -0.22449645 0.01806195 0.28102951 -0.00307642 -0.47350135 0.06994211 0.87800632
570.00000000 -0.12915845 0.01513839 0.15191371 0.00512761 -0.59559769 0.11710388 0.79468471
570.00000000 -0.12579122 0.03185735 0.24795462 -0.00152275 0.98857711 -0.14020285 0.05528234
570.00000000 -0.15658365 0.02480494 0.28371375 -0.00895734 -0.47641745 0.06209996 0.87697764
570.00000000 -0.13615960 0.01658511 0.16958573 0.01520373 0.70998519 -0.12988540 -0.69196796
570.00000000 -0.19659872 0.01518902 0.19583984 0.04702832 -0.65499517 0.13729812 0.74156517
570.00000000 -0.20433003 0.02146381 0.17718071 -0.00413329 0.45018174 -0.04161963 0.89195691
570.00000000 -0.17740250 0.01623752 0.15770538 -0.01581030 0.97954847 -0.18658019 0.07363872
570.00000000 -0.25241220 0.02378679 0.26165494 -0.00112257 0.94362571 -0.05615696 0.32621413
570.00000000 -0.20268671 0.00806623 0.09445317 0.00912271 0.53419155 -0.00583114 0.84529413
570.00000000 -0.20280465 0.00808845 0.09446980 0.00891944 0.53416710 -0.00571585 0.84531253
570.00000000 -0.24223048 0.00033847 0.00077895 0.03132489 -0.30962812 0.07933067 0.94702472
570.00000000 -0.14784528 0.01283559 0.14368036 0.07419244 -0.21345456 0.09064907 0.96990483
570.00000000 -0.11752755 0.00955790 0.11473435 -0.00834431 0.87213204 -0.05028794 0.48660786
570.00000000 -0.25523721 0.00546389 0.08122733 -0.02644064 -0.25913510 0.04318657 0.96451273
570.00000000 -0.11441453 0.02019413 0.05298078 0.02917831 -0.16389379 0.12157284 0.97852312
570.00000000 -0.49210661 -0.01504784 0.02796534 -0.01320861 -0.27640469 0.04341678 0.95996925
570.00000000 -0.56182938 -0.01946676 0.05707347 0.02480544 -0.12647894 0.03682100 0.99097527
570.00000000 -0.17893602 0.02646222 0.22697257 -0.01476285 0.96952094 -0.10915594 0.21885196
