205.00000000 0.00007251 0.00006790 -0.00015953 0.00014753 -0.00000830 -0.00007112 0.99999999
205.00000000 -0.01129927 0.00192939 -0.00733436 -0.00922083 0.15738340 0.02756050 0.98710985
205.00000000 -0.07700749 -0.00313984 -0.03364479 0.15539477 -0.38778456 0.00137588 0.90855584
205.00000000 -0.00977973 -0.00921206 0.07296748 0.02252782 0.93298158 0.12666452 0.33614575
205.00000000 -0.01907466 -0.00510214 0.03509660 -0.00809637 0.95671240 0.00680785 -0.29084271
205.00000000 -0.05064560 -0.00701299 0.04343893 0.01857268 0.96028086 0.09011522 0.26342925
205.00000000 -0.03872132 -0.00734638 0.04286574 -0.04269946 0.89713782 0.02551983 -0.43894104
205.00000000 -0.13321958 0.00249785 -0.02092477 0.06787790 0.40357545 -0.00891297 0.91238150
205.00000000 -0.00195217 -0.00146788 -0.00866573 -0.05235143 0.78319835 0.04070081 -0.61822578
205.00000000 -0.01894721 -0.00903205 0.07141772 0.02876080 0.92465783 0.10059680 0.36614341
205.00000000 -0.01291046 -0.00541055 0.05903204 -0.02908000 -0.33204846 -0.05319985 0.94131182
205.00000000 -0.02705854 -0.00578107 0.01017405 0.11920284 0.19131692 -0.01209947 0.97418793
205.00000000 0.01817435 0.00214578 -0.02085658 0.02616770 -0.58557945 -0.06161377 0.80784634
205.00000000 0.01572221 0.00246186 -0.00498020 -0.00592918 0.98558442 0.08897255 -0.14377789
205.00000000 0.04957584 -0.01025126 0.07662784 -0.00556969 0.95691935 0.09683798 -0.27367267
205.00000000 -0.06358669 -0.00641296 0.05247691 0.01948882 0.92478267 0.07506357 0.37250860
205.00000000 -0.09341335 -0.01244461 0.11663880 0.03138995 0.98414343 0.12993901 0.11658573
205.00000000 0.00784979 -0.00149526 0.02750335 0.03744570 0.73297783 0.09680925 -0.67228661
205.00000000 -0.01995678 -0.00100328 -0.00360988 -0.03977310 0.95059348 0.02680358 -0.30671110
205.00000000 -0.02109209 -0.01188823 0.08593422 0.05308774 0.95175560 0.13628171 -0.26975963
205.00000000 -0.00909272 -0.00962076 0.07601159 -0.01909017 0.88790954 0.07777994 -0.45299282
205.00000000 -0.03780694 0.00103599 -0.01198135 -0.02040740 0.53709893 0.06178287 0.84100603
205.00000000 0.01247748 -0.00132747 -0.00809150 0.05648770 -0.54941911 -0.04238406 0.83255713
205.00000000 -0.00413288 -0.00123126 -0.00843580 -0.09981907 0.79506051 0.00725833 -0.59821589
205.00000000 -0.11958289 0.00291627 -0.01420958 0.01309964 0.52145157 0.02473946 0.85282156
205.00000000 -0.00439591 -0.00159796 -0.03059347 0.04007578 0.95699938 -0.03102748 0.28562812
205.00000000 -0.01957492 0.00304571 -0.03144420 -0.00503821 -0.43750124 -0.05669992 0.89741428
205.00000000 -0.07012008 -0.00018229 -0.01651933 0.14007009 -0.57548992 -0.00381030 0.80571533
205.00000000 -0.10899517 -0.00321009 0.01422708 0.16284455 0.24210055 -0.02441851 0.95617609
205.00000000 -0.01014199 -0.00307758 0.01263639 0.10413251 -0.60476950 -0.00484027 0.78954851
205.00000000 -0.00910068 -0.00411217 0.05661080 -0.03896861 -0.33882026 -0.05389471 0.93849755
205.00000000 0.02555956 -0.00234469 -0.00568501 0.06544158 -0.48939266 -0.02751875 0.86916911
205.00000000 -0.02991530 -0.00540022 0.01121311 0.11231710 0.07544106 -0.01481790 0.99069367
205.00000000 -0.02647957 0.00037502 0.00045639 0.10544755 0.08186063 -0.00587802 0.99103234
205.00000000 -0.10031541 -0.01621311 0.15741304 -0.05232336 0.92993221 -0.00428096 -0.36396431
205.00000000 -0.00493661 -0.00555335 0.06829989 -0.02446686 -0.32279329 -0.04727683 0.94497130
205.00000000 -0.09509666 0.00577176 -0.02375989 0.03314670 -0.38594048 -0.06035564 0.91995024
205.00000000 -0.04970563 -0.00462573 0.04859625 0.01249827 0.86193236 0.11844363 0.49283619
205.00000000 -0.03068470 0.00113618 -0.00100773 0.11360494 -0.09066987 -0.00852987 0.98934328
205.00000000 -0.08233727 0.00719785 -0.03798589 -0.00939203 -0.23839591 -0.03632866 0.97044289
205.00000000 -0.02785637 -0.00008137 0.00075270 0.08537420 0.43019740 -0.01349949 0.89858734
205.00000000 -0.02255715 -0.01215323 0.11190375 0.05121377 0.81930013 0.11352757 -0.55967486
205.00000000 -0.02545812 0.00104815 -0.00006887 0.05002478 -0.39083684 -0.00910907 0.91905447
205.00000000 -0.01957032 -0.02056358 0.13859023 0.01132597 0.93843010 0.11755012 -0.32465772
205.00000000 -0.06889301 -0.00307411 0.04965032 0.00191240 0.86573986 0.13250672 0.48263113
205.00000000 -0.03607233 -0.01699665 0.11036320 0.00243606 0.98402625 0.00750292 -0.17784857
205.00000000 0.03238553 -0.00192480 0.03185300 -0.00262063 -0.25305543 -0.04491854 0.96640489
205.00000000 -0.00921841 -0.00656171 0.04855268 0.01174781 0.80352946 0.09819446 -0.58699254
205.00000000 -0.00298638 -0.00312528 0.04931567 -0.04347340 -0.60821439 -0.08224064 0.78830311
205.00000000 -0.15536969 -0.00803931 0.08023676 -0.02804384 0.94817848 0.00419371 -0.31647042
205.00000000 0.03278796 -0.00598307 0.05854259 0.05452130 -0.45067398 -0.04213028 0.89002552
205.00000000 0.02532237 -0.02390202 0.14245968 0.00828374 0.98177375 0.10700816 -0.15684688
205.00000000 -0.02135892 -0.01039835 0.07347416 -0.01002999 0.87646138 0.10496966 -0.46978316
205.00000000 -0.09387826 0.00491315 -0.02764515 0.16864349 -0.30501241 -0.00477701 0.93728543
205.00000000 -0.02940907 -0.00448603 0.04830788 0.01912750 0.88247390 0.11357508 0.45604238
205.00000000 -0.02529380 0.00589451 -0.03816117 0.00551366 -0.43391129 -0.05828591 0.89905136
205.00000000 -0.07019401 0.00790380 -0.04243589 -0.01838824 -0.33080190 -0.06309493 0.94140905
205.00000000 -0.02619080 0.00028377 -0.00338172 0.08202540 0.67649310 0.01319474 0.73174779
205.00000000 -0.04412009 -0.00617481 0.05645080 0.02847403 0.85765087 0.10454617 0.50268708
205.00000000 -0.01894372 0.00212526 0.00997485 0.01935135 0.91261185 0.10370994 0.39498023
205.00000000 -0.06788702 -0.00481903 0.05563050 0.02093197 0.81307926 0.11330759 0.57063592
205.00000000 -0.01450857 -0.02893412 0.19650182 -0.01038580 0.94792173 0.09611412 -0.30347752
205.00000000 -0.02838337 -0.00815352 0.08007182 -0.01084726 0.80892839 0.03107968 -0.58698488
205.00000000 -0.02990273 0.00171516 -0.00674804 0.09827191 0.51510590 -0.02851913 0.85099659
205.00000000 -0.09709481 0.00675761 -0.02367216 0.01775805 -0.37819652 -0.05790780 0.92374170
205.00000000 -0.05592180 -0.00301256 0.04851910 0.01496864 0.81703185 0.10958196 0.56588576
205.00000000 -0.03575060 -0.00575780 0.05994086 0.02053450 0.82893429 0.10546830 0.54892870
205.00000000 -0.02378375 -0.00300383 0.02201460 0.03521053 -0.37162449 -0.02732678 0.92731263
205.00000000 -0.01294018 -0.00249299 0.02566413 -0.03288542 -0.38679404 -0.06549287 0.91924948
205.00000000 0.00600783 -0.00648796 0.05432598 0.02904948 0.97739570 0.12984990 0.16429479
205.00000000 -0.04097193 0.00322280 -0.05426643 0.06332545 -0.68776979 0.00516918 0.72314306
205.00000000 0.00561098 -0.00349737 0.02211282 0.10467720 -0.57751871 0.01213399 0.80954777
205.00000000 -0.01288817 -0.00527578 0.05417350 -0.03969350 -0.35729762 -0.04381866 0.93211735
205.00000000 0.01625624 0.00369628 -0.04879154 0.05928671 -0.68268707 -0.03564821 0.72742880
205.00000000 0.00689317 -0.00550440 0.03096682 -0.00106656 0.95455460 0.10206853 -0.28001141
205.00000000 -0.06137217 -0.00297024 -0.01827900 -0.02373435 0.97862781 -0.00322761 -0.20423973
205.00000000 -0.00078169 -0.00213198 0.00193679 0.04368040 0.88620260 -0.00894392 0.46114746
205.00000000 -0.01290530 0.00320664 -0.01256993 -0.01853505 0.62548987 0.07382097 0.77651101
205.00000000 -0.02997169 0.00270330 -0.00937935 -0.00327612 0.69256874 0.07592069 0.71733804
205.00000000 -0.04935954 -0.00357161 0.02764870 0.01269352 -0.44202515 -0.06789522 0.89433936
205.00000000 -0.03252035 -0.01012065 0.08390164 0.04830871 0.98459442 0.13416844 -0.10118753
205.00000000 -0.00183985 -0.00230585 0.00324641 -0.00959327 0.99819499 0.05895516 0.00624719
205.00000000 -0.03543130 -0.00471636 0.04761642 0.02385497 0.90211050 0.07159320 0.42485528
205.00000000 -0.00103159 -0.00176869 0.00288405 0.08891433 0.19451551 -0.02153334 0.97662392
205.00000000 -0.01109838 -0.00664912 0.05106774 0.03146420 0.89640845 0.11656554 -0.42646732
205.00000000 0.02013375 -0.00342063 0.01490448 -0.03359497 -0.11814553 -0.02882189 0.99200923
205.00000000 0.00877609 -0.00685361 0.03100668 -0.01669239 0.82301352 0.06558685 -0.56397560
205.00000000 0.01812800 -0.00400512 0.01578505 -0.00368819 0.89801620 0.10534462 -0.42714847
205.00000000 -0.02005182 -0.00553365 0.04890046 -0.00229335 0.99028433 0.13146244 0.04526931
205.00000000 -0.00563810 -0.00771870 0.05981121 -0.01360206 -0.51031223 -0.07252134 0.85681799
205.00000000 -0.04686557 0.00124302 -0.01359167 0.02577293 0.47949144 0.01847392 0.87697345
205.00000000 -0.02660775 -0.01069839 0.08166771 0.03950235 0.94350433 0.12457514 -0.30449987
205.00000000 -0.01768603 -0.00458438 0.04857561 -0.01406715 -0.31224976 -0.06403646 0.94773495
205.00000000 -0.00654758 -0.00207399 0.00172378 -0.01401757 0.97403267 0.07862112 -0.21185512
205.00000000 0.01161516 -0.00389436 0.02237049 -0.00260796 0.89767848 0.12129404 -0.42362046
205.00000000 -0.00972798 -0.00602127 0.05964187 -0.02473064 -0.48555004 -0.07539557 0.87060040
205.00000000 -0.01864378 -0.00370105 0.01791300 0.01170950 -0.48611749 -0.05176569 0.87228034
205.00000000 -0.02424605 -0.00380600 -0.00350362 -0.03780603 0.86453520 -0.02026599 -0.50073834
205.00000000 0.00164332 -0.00475619 0.02686792 -0.03749315 -0.45553398 -0.08202162 0.88563847
205.00000000 -0.00178556 -0.00050376 -0.00313289 -0.03781005 -0.46005994 -0.08191217 0.88329251
205.00000000 0.02090716 -0.00467353 0.02677360 0.05837474 -0.35645164 -0.05451443 0.93089355
205.00000000 -0.00072025 -0.00343006 0.01224904 -0.02250306 0.87702696 0.03054406 -0.47894089
205.00000000 0.00281914 0.00027781 -0.00640195 -0.00675022 0.02310988 -0.00136825 0.99970921
205.00000000 -0.00972232 -0.00333626 0.02872879 -0.02719181 -0.59242484 -0.08155847 0.80102536
205.00000000 -0.01542288 -0.00404515 0.01073911 -0.00313938 0.99239177 0.04591634 0.11419465
205.00000000 -0.06177337 -0.00624739 0.07438584 0.02156424 0.91123032 0.11344180 0.39537988
205.00000000 0.00908058 -0.00041349 -0.00176080 -0.01600478 -0.10238484 -0.01857430 0.99444265
205.00000000 -0.04702185 -0.00989390 0.07675407 0.04900376 0.98805283 0.14610856 -0.00158979
205.00000000 -0.00469484 -0.00528014 0.03607211 0.02712342 0.96946525 0.14735721 0.19413219
205.00000000 -0.00245662 0.00060588 -0.01944411 0.01894375 -0.58306775 -0.04916946 0.81071295
205.00000000 -0.06032007 0.00117070 -0.01620259 -0.04460213 0.78328223 -0.01148739 -0.61995777
205.00000000 -0.03597271 0.00127207 -0.01583906 -0.00281851 -0.23644367 -0.04847153 0.97043133
205.00000000 -0.07003281 0.00318183 -0.02809383 0.00484337 -0.35922642 -0.05505385 0.93161258
205.00000000 -0.00451393 -0.00200770 0.00366413 -0.04511007 0.93186818 0.03450722 -0.35832392
205.00000000 -0.00041511 -0.00150316 -0.00088564 -0.05034636 0.84307818 0.03591458 -0.53422334
205.00000000 -0.04801059 0.00013350 -0.01097371 0.09430778 0.02895427 -0.02737781 0.99474527
205.00000000 0.00566014 -0.00747637 0.04399013 -0.01989831 0.98467078 0.11121718 -0.13288438
205.00000000 -0.00933843 -0.00596980 0.03629709 0.01293922 0.96291241 0.14250851 -0.22874349
205.00000000 -0.04297997 -0.00025514 0.01970621 0.05542439 0.80025444 0.03879910 0.59583186
205.00000000 -0.02957313 0.00471810 -0.01245155 0.00441417 0.55990084 0.03329174 0.82787875
205.00000000 -0.01352349 -0.00133813 -0.00636034 0.08881620 -0.08554028 -0.01110069 0.99230606
205.00000000 -0.00894362 -0.00345487 0.02543941 -0.01285756 -0.38158354 -0.07113626 0.92150329
205.00000000 -0.00605799 -0.00527332 0.03185171 0.02849821 0.96098788 0.13407826 0.24023563
205.00000000 -0.01214768 -0.00390639 0.00773049 -0.07236073 0.71701784 -0.00089545 -0.69328821
205.00000000 0.00415910 -0.00835561 0.04974120 -0.01743875 0.97515099 0.10221171 -0.19577847
205.00000000 -0.00421113 -0.00264731 0.00031259 0.11655837 0.61654816 -0.01450309 0.77850637
205.00000000 0.01527569 -0.00159318 0.01141534 -0.03042748 -0.21379608 -0.03459176 0.97579138
205.00000000 -0.04317626 0.00390848 -0.03678513 -0.01236725 -0.39796748 -0.05590114 0.91561127
205.00000000 -0.05655708 0.00161045 -0.01557249 -0.06534129 0.86410546 0.00511885 -0.49902511
205.00000000 -0.03397704 0.00033613 0.01209035 0.05164317 0.66013597 0.02843068 0.74882921
205.00000000 -0.03113788 -0.00088077 0.00964246 0.06724880 0.53620076 -0.00241819 0.84140388
205.00000000 -0.01072950 -0.00813091 0.07629061 -0.03047246 -0.63438763 -0.08321990 0.76791811
205.00000000 -0.00217530 -0.01144033 0.10359401 -0.03005098 -0.60544600 -0.07963028 0.79132237
205.00000000 -0.02062233 -0.01082222 0.03105791 0.07646660 0.88172113 -0.02262181 0.46498275
205.00000000 -0.01477209 -0.00397808 0.02000152 -0.04073610 0.77401917 0.02484607 -0.63136168
205.00000000 0.02701697 -0.00132706 0.00020968 -0.00459709 0.73025776 0.08336764 -0.67805037
205.00000000 0.00470898 0.00516591 -0.04739730 0.11607462 0.50691738 -0.01576290 0.85399823
205.00000000 -0.00511445 -0.00591506 -0.02634245 0.07781984 0.77085418 -0.02849039 0.63159813
205.00000000 0.02957230 0.00377132 -0.03925570 -0.00683705 -0.03510244 -0.01166141 0.99929229
205.00000000 -0.02620533 -0.00681904 0.04988656 -0.01140164 0.93440938 -0.00581087 -0.35597098
205.00000000 -0.00085132 0.00636712 -0.04899670 0.10696297 0.35996184 -0.03053400 0.92631208
205.00000000 0.00336581 -0.00769132 0.06923030 0.00626373 0.89965007 0.09611259 -0.42585547
205.00000000 -0.03038421 -0.00767160 0.05630974 -0.00110205 0.97238548 0.00733681 -0.23326260
205.00000000 0.02025597 0.00331755 -0.03549455 0.00271478 -0.60420473 -0.05927285 0.79461689
205.00000000 -0.07709521 -0.00542419 0.04279313 0.01131628 0.82031395 0.10543711 0.56199642
205.00000000 -0.09813662 0.00741736 -0.04914257 -0.00635976 -0.29613328 -0.05119391 0.95375249
205.00000000 -0.10396779 -0.01972363 0.15999218 -0.00124247 0.98650514 0.14704279 0.07200333
205.00000000 -0.00628084 0.00643355 -0.05287558 -0.02850913 0.30924814 0.01558395 0.95042620
205.00000000 -0.03274487 0.00651331 -0.05879011 0.01560459 -0.49404095 -0.05186848 0.86774979
205.00000000 -0.00450557 0.00078617 -0.03310306 0.08884521 -0.38990605 -0.01505405 0.91643504
205.00000000 -0.02105798 -0.01029006 0.10194890 0.01284619 0.94415816 0.14507353 -0.29555714
205.00000000 0.02386317 -0.01003897 0.08163516 0.01125272 0.94599365 0.08831608 -0.31172050
205.00000000 -0.10886833 0.01068820 -0.07810228 0.14348162 0.01597026 -0.01840303 0.98935297
205.00000000 -0.07527970 0.00680200 -0.06247009 -0.01231465 -0.35570248 -0.05253403 0.93304034
205.00000000 -0.03381707 -0.01929683 0.17832844 0.04711643 0.91458461 0.11773287 -0.38399741
205.00000000 -0.01087249 -0.00477320 0.04558766 -0.04855353 0.89104280 0.02843342 -0.45041850
205.00000000 -0.00576826 0.00257753 -0.04077559 0.09123449 -0.28443078 -0.00729733 0.95431763
205.00000000 -0.05826306 0.00774964 -0.04080335 0.11834149 0.11401317 -0.03725835 0.98570183
205.00000000 -0.07315426 -0.01846673 0.17662461 0.05258063 0.98575332 0.13293998 -0.08861505
205.00000000 -0.00216081 -0.00511016 0.03658699 -0.01679513 -0.32231468 -0.07228653 0.94371915
205.00000000 0.00513899 0.00373298 -0.04001388 0.09901734 0.59983224 -0.03726338 0.79310043
205.00000000 -0.00877889 -0.00592141 0.04407776 -0.03613583 0.83680244 0.00967772 -0.54622543
205.00000000 -0.10476673 0.00181782 0.00210811 -0.03601839 0.82668876 -0.02517925 -0.56094061
205.00000000 -0.02694868 0.00172251 -0.03839993 0.02866722 -0.34351926 -0.02943506 0.93824639
205.00000000 -0.05417381 0.00466035 -0.00934906 0.09595601 0.38967964 -0.00483079 0.91592515
205.00000000 -0.13210931 -0.01973351 0.19427979 0.07133721 0.56488682 0.00626086 0.82205516
205.00000000 -0.13226866 -0.02032279 0.19260871 0.00672745 0.98207052 0.08849764 0.16631419
205.00000000 -0.13925682 -0.01753341 0.14694183 -0.03506057 0.97584812 -0.01833954 -0.21483685
205.00000000 -0.20357432 -0.01536347 0.17636480 -0.02541662 0.76879745 0.03222343 -0.63817406
205.00000000 -0.15335539 -0.02236000 0.21513056 0.02037435 0.99015792 0.13476064 -0.03180803
205.00000000 -0.09792986 -0.01969091 0.17838019 0.01550647 0.99077477 0.11049301 -0.07691684
205.00000000 -0.11410172 0.00722761 -0.01355793 0.08852724 -0.62473370 0.00091067 0.77580275
205.00000000 -0.17765985 -0.00066348 0.18713656 0.02235240 0.76119040 0.09641554 -0.64093182
205.00000000 -0.04775559 0.00637564 0.00879453 0.02988891 -0.64464610 -0.05846164 0.76165628
205.00000000 -0.07228421 -0.01997611 0.18496996 -0.00123062 0.95590759 0.07112005 -0.28492299
205.00000000 0.00650754 0.00590732 -0.00046747 -0.01624118 -0.61153911 -0.07301688 0.78767041
205.00000000 -0.32342721 -0.00978985 0.09474667 -0.06774467 0.76073541 0.01076782 -0.64542726
205.00000000 -0.10914044 -0.01770165 0.20266704 0.01488789 0.93378258 0.11184173 -0.33958780
205.00000000 0.04766477 0.01394047 -0.04103268 0.10837984 -0.43536408 0.00894338 0.89366210
205.00000000 -0.13200277 -0.01998730 0.19461628 0.08445460 0.51497634 0.00106669 0.85303320
205.00000000 -0.19250100 -0.01560490 0.16163092 -0.06217537 0.77272989 0.01328394 -0.63154277
205.00000000 -0.05123709 -0.02235637 0.21045416 0.00649433 0.89415766 0.10024396 -0.43633823
205.00000000 -0.06040969 -0.01870222 0.15184127 0.07553092 0.46310020 -0.02102000 0.88283149
205.00000000 -0.05442001 0.01273275 -0.06257819 0.00692419 -0.56431466 -0.05735874 0.82353567
205.00000000 -0.11771303 -0.00727134 0.16265105 -0.01781786 0.75604242 0.06568323 -0.65097473
205.00000000 0.04981535 0.00415608 -0.06206918 0.02563975 -0.45111716 -0.03837431 0.89127062
205.00000000 -0.00498632 0.00114797 0.03434558 0.03327556 -0.61729855 -0.05088445 0.78437619
205.00000000 -0.13114987 -0.01978546 0.19091697 0.08799887 0.50490030 0.00943845 0.85862844
205.00000000 -0.04800449 0.00531148 -0.04096021 0.02411726 -0.44202277 -0.06257051 0.89449380
205.00000000 -0.05528244 -0.01693186 0.16961303 0.05771879 -0.41100582 -0.03066504 0.90928676
205.00000000 -0.10452857 -0.01786523 0.17763897 0.01456762 0.99335882 0.11209468 -0.02146655
205.00000000 -0.06356170 -0.01873495 0.15030037 0.09896740 0.49038553 -0.00100523 0.86586747
205.00000000 -0.12241154 -0.01680990 0.18490839 0.01607062 0.97339426 0.10851765 -0.20116977
205.00000000 -0.01606299 0.00083848 -0.05971677 -0.01434432 -0.45210988 -0.06884520 0.88918571
205.00000000 -0.11188624 -0.01672065 0.15341276 0.04084282 0.87489889 0.01636284 0.48230286
205.00000000 -0.12847701 -0.00968047 0.14298406 0.00081404 0.85092285 0.10647854 0.51438503
205.00000000 -0.14944391 -0.00114028 0.15578951 -0.00762446 0.74939375 0.07906926 -0.65734232
205.00000000 -0.12795701 -0.02225414 0.21297003 0.02898973 0.92604102 0.11378460 0.35869304
205.00000000 -0.11931479 -0.02071768 0.22253242 0.02634893 0.88593326 0.11626377 0.44823067
205.00000000 -0.11522815 -0.02450129 0.23393511 0.09003956 0.09470872 -0.01995052 0.99122405
205.00000000 -0.11643211 -0.00780132 0.12340163 -0.02416424 0.71249217 0.09058212 0.69538901
205.00000000 -0.10910207 -0.02055432 0.22145880 0.01385232 0.87856929 0.09875656 0.46708806
205.00000000 0.07215720 0.01682359 -0.15866097 0.10651498 -0.39685746 -0.01455686 0.91156284
205.00000000 0.07102289 0.01277570 -0.11127872 -0.00004367 -0.47879707 -0.07029689 0.87510669
205.00000000 -0.09072064 -0.01982901 0.14984421 -0.06889823 0.75098053 -0.00560857 -0.65669614
205.00000000 -0.09511668 -0.02027829 0.17035951 -0.05035557 0.74108666 0.03192661 -0.66875673
205.00000000 -0.11423861 -0.02042608 0.21721999 0.00970607 0.92205915 0.12638359 -0.36570466
205.00000000 -0.08671695 -0.01566644 0.13995672 0.01322432 0.97618704 0.02630502 0.21492331
205.00000000 -0.05992184 -0.01989302 0.18574372 -0.01443708 0.88959311 0.09911096 -0.44563738
205.00000000 -0.14833501 -0.01863734 0.19469183 0.05779230 0.76647566 0.03078625 0.63892670
205.00000000 -0.13854038 -0.00995496 0.12742529 -0.01027812 0.67161254 0.06411836 0.73805135
205.00000000 -0.09851986 -0.01552969 0.14332012 0.09994672 0.77997644 -0.01444169 0.61760736
205.00000000 -0.09373714 -0.02104182 0.14177206 -0.02154855 0.97196821 -0.02404018 -0.23288522
205.00000000 -0.04774483 -0.01727979 0.15815639 0.00207533 -0.69588520 -0.08384115 0.71323919
205.00000000 -0.06216714 -0.02028799 0.19590992 0.00306385 0.92822002 0.10789679 -0.35602879
205.00000000 -0.01738590 0.01453236 -0.18268703 -0.01894993 -0.23449550 -0.04155305 0.97104382
205.00000000 -0.12128230 -0.02107874 0.21386017 0.01210099 0.98476571 0.11853685 0.12664548
205.00000000 -0.09546952 -0.01997727 0.14897517 0.01703946 0.99941254 -0.01957988 -0.02237995
205.00000000 -0.05457176 -0.01735404 0.18261665 0.02604453 0.70448228 0.09029266 -0.70347255
205.00000000 0.02157224 0.01893502 -0.20574775 -0.00134209 -0.41568902 -0.05889631 0.90759686
205.00000000 -0.16976146 -0.01837393 0.11642961 -0.00941581 0.98638207 -0.00911019 -0.16394740
205.00000000 -0.09916348 -0.00055394 -0.01721298 0.05882990 -0.53661728 -0.01274581 0.84167600
205.00000000 0.06604832 0.01129215 -0.12590307 -0.02746676 -0.47590220 -0.08574633 0.87487727
205.00000000 -0.09334619 -0.01965717 0.14331035 0.02431248 0.99504507 -0.03538511 0.08967776
205.00000000 -0.11384409 -0.02043115 0.21749324 -0.00875758 0.89928076 0.14712543 -0.41179064
205.00000000 -0.01606980 0.01531657 -0.18851309 -0.01872979 -0.31016510 -0.05984809 0.94861215
205.00000000 -0.15872455 -0.02480249 0.24257976 -0.00035752 0.98120145 0.14177298 0.13093517
205.00000000 -0.12884986 -0.00863374 0.12628133 -0.01095530 0.76665238 0.10229399 0.63376655
205.00000000 -0.01886634 0.01561615 -0.18941150 -0.00923908 -0.28182161 -0.04467046 0.95838185
205.00000000 -0.04170966 -0.01444545 0.12541259 0.00146713 -0.64025562 -0.07240103 0.76474092
205.00000000 -0.14534490 -0.01939192 0.19800545 0.06647197 0.79556369 0.03054952 0.60143712
205.00000000 -0.07066202 -0.00882244 0.09480894 0.06613259 0.80313363 0.03246687 0.59122649
205.00000000 -0.02714517 -0.00027997 0.02784457 -0.01567001 0.47043133 0.06117869 0.88017384
205.00000000 -0.07038175 -0.01756515 0.15242251 0.04239498 0.98778762 0.14965570 -0.00902474
205.00000000 -0.00231214 -0.00128946 0.02956494 0.02092008 -0.63191570 -0.06039816 0.77239689
205.00000000 0.02445620 -0.00427533 -0.00642439 -0.03422197 -0.46092118 -0.08447120 0.88274863
205.00000000 0.00606637 0.00608944 -0.12759364 0.00753548 -0.30127760 -0.05538895 0.95189657
205.00000000 -0.06730326 -0.01015296 0.12114369 0.01696189 0.84268142 0.12029114 0.52452870
205.00000000 -0.01993210 -0.00188685 0.03711727 -0.02356500 0.26680806 0.02754320 0.96306777
205.00000000 -0.02681813 -0.00647184 0.07389708 0.03552304 0.76709241 0.09040404 -0.63414072
205.00000000 -0.07131818 -0.00755307 0.08668618 0.06187686 0.67722255 0.02225885 0.73283383
205.00000000 -0.06497578 -0.01737647 0.15255134 0.05213224 0.98596962 0.14934856 -0.05330248
205.00000000 -0.06585277 -0.00746987 0.08910205 0.02258033 0.83450816 0.11223235 -0.53897139
205.00000000 -0.05861449 -0.00866393 0.06131783 -0.03471028 0.89177423 -0.01319107 -0.45095445
205.00000000 -0.08957777 -0.00320086 0.03718999 -0.10640178 0.73133998 -0.01114731 -0.67356977
205.00000000 -0.00379423 0.00202002 0.01428856 0.01749894 -0.62536609 -0.06070438 0.77776990
205.00000000 -0.05476366 -0.01049099 0.09036678 -0.02317694 0.86622459 0.01946516 -0.49873731
205.00000000 -0.06673302 -0.00063484 0.03519543 -0.01005880 0.66194484 0.04203216 0.74830552
205.00000000 -0.02517595 -0.00636433 0.05271678 0.10700881 0.23747422 -0.03651458 0.96479106
205.00000000 -0.05115459 -0.01156053 0.10870562 0.01852898 0.98962536 0.11727128 0.08090595
205.00000000 -0.04817730 -0.00987720 0.05152381 -0.02816390 0.93620635 -0.01767309 -0.34987445
205.00000000 0.00762293 0.00521797 -0.09343881 0.02686195 -0.33749721 -0.03362113 0.94034232
205.00000000 -0.07246516 -0.00553929 0.06359718 0.13382168 0.39662271 -0.02833827 0.90773296
205.00000000 -0.02894359 -0.00749001 0.04950184 0.02538924 0.98944777 -0.03174155 0.13907180
205.00000000 -0.06586625 -0.00888152 0.10191439 0.02398845 0.89134258 0.06855167 0.44747472
205.00000000 -0.05219779 -0.00967220 0.08066390 -0.01666345 0.88605632 0.04090491 -0.46146864
205.00000000 -0.04921434 0.00231541 -0.02290502 0.04430312 -0.52698405 -0.03770155 0.84788185
205.00000000 -0.07009167 -0.00623546 0.06208581 0.15101241 0.36538787 -0.03254413 0.91794762
205.00000000 -0.01358866 -0.01069220 0.09162390 -0.00448584 0.97127445 0.10239770 -0.21475692
205.00000000 0.04006381 0.00611764 -0.05862398 0.08110383 -0.52009041 -0.02390333 0.84991574
205.00000000 -0.07245456 -0.00769922 0.07865571 0.08784855 0.51203240 -0.00618499 0.85443970
205.00000000 -0.08074609 -0.01267247 0.13118848 0.01668786 0.96836822 0.15385850 0.19573467
205.00000000 -0.05425551 -0.01013206 0.12041296 0.01892956 0.86830495 0.09524831 0.48643185
205.00000000 -0.10990891 -0.00969108 0.05004869 -0.01161657 0.95208524 -0.02460342 -0.30462012
205.00000000 -0.07767509 -0.00181563 0.01198069 -0.00745328 0.95369801 -0.02294455 -0.29979676
205.00000000 0.01784099 -0.00831061 0.07012228 0.00430825 0.97248354 0.09583744 -0.21230261
205.00000000 -0.03987414 0.00413209 -0.05765645 -0.00623847 -0.28935288 -0.06659336 0.95488288
205.00000000 -0.01434101 -0.01269527 0.10437490 0.04580153 0.74857790 0.09717346 -0.65428638
205.00000000 -0.02755052 -0.01310658 0.11459990 0.04468848 0.85916090 0.11932052 -0.49558864
205.00000000 0.01426318 -0.00920910 0.07689888 0.01557343 0.98793589 0.08859983 -0.12605636
205.00000000 -0.03802197 -0.00679283 0.05965516 0.05693282 0.95020301 -0.01855916 0.30582422
205.00000000 0.00097547 -0.00736364 0.05370352 0.01180953 0.91573664 0.12392979 -0.38200568
205.00000000 -0.02682794 0.00776801 -0.07113562 0.10252388 0.21889478 -0.02169192 0.97010483
205.00000000 0.05072334 -0.00186876 -0.01029685 0.04673167 -0.42835536 -0.02676740 0.90200407
205.00000000 -0.02393515 0.00928810 -0.07951784 0.15102070 -0.24579557 -0.01797457 0.95731615
205.00000000 0.01977111 -0.00716723 0.05972664 0.00440680 0.94584834 0.10672982 -0.30652934
205.00000000 -0.00531243 0.00931211 -0.07773966 0.07874769 0.00438443 -0.03377369 0.99631266
205.00000000 -0.06823690 -0.00347324 0.02287798 0.05900467 -0.60407826 -0.00386960 0.79472821
205.00000000 0.04008025 0.00485515 -0.07038641 -0.00682996 -0.12720765 -0.04348308 0.99089898
205.00000000 -0.02692187 -0.00917132 0.08123439 0.01942843 0.98172748 0.14495514 -0.12174439
205.00000000 0.00830694 -0.01002114 0.08299806 0.00578921 0.98959463 0.13231730 -0.05622346
205.00000000 0.05102905 0.00095521 -0.05041315 0.00785268 -0.29585326 -0.05613041 0.95355050
205.00000000 0.02801628 0.00838303 -0.06721282 0.11264896 -0.05149645 -0.02512577 0.99198136
205.00000000 -0.04248357 -0.01469240 0.12642578 0.05691439 0.96941301 0.14116576 -0.19253934
205.00000000 -0.01261143 -0.00374939 0.03027346 -0.02429399 0.98000358 0.07408687 -0.18306806
205.00000000 -0.00434523 -0.00691913 0.04846931 -0.00771661 0.90252043 0.05845520 -0.42659152
205.00000000 -0.01639287 0.00150918 -0.03814024 0.00283211 -0.44448968 -0.04246904 0.89477220
205.00000000 -0.00437248 -0.01045644 0.08974765 -0.03166510 -0.67716179 -0.09653910 0.72878628
205.00000000 0.03869091 0.00450893 -0.05600171 -0.01620686 -0.17422709 -0.03649680 0.98389544
205.00000000 -0.02486544 -0.00096235 -0.01181161 -0.02672636 0.22415624 0.00788884 0.97415473
205.00000000 -0.00649321 0.00235798 -0.05054973 0.02172486 -0.35657359 -0.04534923 0.93291305
205.00000000 0.01102600 0.00144795 -0.04602960 -0.02874446 -0.39255456 -0.07634590 0.91610369
205.00000000 -0.05965711 0.00092139 -0.00536775 -0.00770288 0.62716638 0.05468506 0.77692506
205.00000000 -0.01750350 0.01180815 -0.08460622 0.13288686 0.13348391 -0.02706788 0.98172830
205.00000000 0.01670837 -0.00505703 0.03456123 -0.00823704 0.81143160 0.11275651 -0.57340812
205.00000000 -0.07740343 -0.00160779 0.01079809 -0.02795008 0.91625700 -0.01650419 -0.39927373
205.00000000 0.01524295 -0.00242431 -0.00233075 -0.03534794 -0.51112220 -0.08396850 0.85466597
205.00000000 0.03687954 0.00103074 -0.02655212 -0.03586318 -0.50319091 -0.08510300 0.85922653
205.00000000 0.04948470 0.00628175 -0.06663079 0.01213074 -0.58632045 -0.06558604 0.80732871
205.00000000 -0.01921013 0.00193706 -0.08510006 0.01358779 0.99656423 0.01151705 -0.08088550
205.00000000 -0.01172866 -0.00621300 0.02842331 0.11201829 0.38046318 -0.01636063 0.91784094
205.00000000 -0.13697878 0.00936048 -0.07703539 0.15508959 -0.49185760 -0.00046315 0.85675149
205.00000000 0.00247956 0.00105225 -0.03636521 0.07324537 -0.60912319 -0.02295694 0.78935228
205.00000000 -0.06782934 -0.02005488 0.19133479 0.06216177 0.97560977 0.13388598 -0.16246859
205.00000000 -0.05718314 0.01040868 -0.06495245 0.01804527 -0.14593412 -0.04304496 0.98819266
205.00000000 -0.00265819 0.00297036 -0.05327260 0.00942445 -0.40449791 -0.04094423 0.91357331
205.00000000 0.04963000 -0.00138985 -0.00704762 0.00758485 0.90501607 0.11948826 -0.40818004
