205.00000000 0.00007251 0.00006790 -0.00015953 0.00014753 -0.00000830 -0.00007112 0.99999999
205.00000000 -0.01129927 0.00192939 -0.00733436 -0.00922083 0.15738340 0.02756050 0.98710985
205.00000000 -0.07700749 -0.00313984 -0.03364479 0.15539477 -0.38778456 0.00137588 0.90855584
205.00000000 -0.00977973 -0.00921206 0.07296748 0.02252782 0.93298158 0.12666452 0.33614575
205.00000000 -0.01907466 -0.00510214 0.03509660 -0.00809637 0.95671240 0.00680785 -0.29084271
205.00000000 -0.05064560 -0.00701299 0.04343893 0.01857268 0.96028086 0.09011522 0.26342925
205.00000000 -0.03872132 -0.00734638 0.04286574 -0.04269946 0.89713782 0.02551983 -0.43894104
205.00000000 -0.13321958 0.00249785 -0.02092477 0.06787790 0.40357545 -0.00891297 0.91238150
205.00000000 -0.00195217 -0.00146788 -0.00866573 -0.05235143 0.78319835 0.04070081 -0.61822578
205.00000000 -0.01894721 -0.00903205 0.07141772 0.02876080 0.92465783 0.10059680 0.36614341
205.00000000 -0.01291046 -0.00541055 0.05903204 -0.02908000 -0.33204846 -0.05319985 0.94131182
205.00000000 -0.02705854 -0.00578107 0.01017405 0.11920284 0.19131692 -0.01209947 0.97418793
205.00000000 0.01817435 0.00214578 -0.02085658 0.02616770 -0.58557945 -0.06161377 0.80784634
205.00000000 0.01572221 0.00246186 -0.00498020 -0.00592918 0.98558442 0.08897255 -0.14377789
205.00000000 0.04957584 -0.01025126 0.07662784 -0.00556969 0.95691935 0.09683798 -0.27367267
205.00000000 -0.06358669 -0.00641296 0.05247691 0.01948882 0.92478267 0.07506357 0.37250860
205.00000000 -0.09341335 -0.01244461 0.11663880 0.03138995 0.98414343 0.12993901 0.11658573
205.00000000 0.00784979 -0.00149526 0.02750335 0.03744570 0.73297783 0.09680925 -0.67228661
205.00000000 -0.01995678 -0.00100328 -0.00360988 -0.03977310 0.95059348 0.02680358 -0.30671110
205.00000000 -0.02109209 -0.01188823 0.08593422 0.05308774 0.95175560 0.13628171 -0.26975963
205.00000000 -0.00909272 -0.00962076 0.07601159 -0.01909017 0.88790954 0.07777994 -0.45299282
205.00000000 -0.03780694 0.00103599 -0.01198135 -0.02040740 0.53709893 0.06178287 0.84100603
205.00000000 0.01247748 -0.00132747 -0.00809150 0.05648770 -0.54941911 -0.04238406 0.83255713
205.00000000 -0.00413288 -0.00123126 -0.00843580 -0.09981907 0.79506051 0.00725833 -0.59821589
205.00000000 -0.11958289 0.00291627 -0.01420958 0.01309964 0.52145157 0.02473946 0.85282156
205.00000000 -0.00439591 -0.00159796 -0.03059347 0.04007578 0.95699938 -0.03102748 0.28562812
205.00000000 -0.01957492 0.00304571 -0.03144420 -0.00503821 -0.43750124 -0.05669992 0.89741428
205.00000000 -0.07012008 -0.00018229 -0.01651933 0.14007009 -0.57548992 -0.00381030 0.80571533
205.00000000 -0.10899517 -0.00321009 0.01422708 0.16284455 0.24210055 -0.02441851 0.95617609
205.00000000 -0.01014199 -0.00307758 0.01263639 0.10413251 -0.60476950 -0.00484027 0.78954851
205.00000000 -0.00910068 -0.00411217 0.05661080 -0.03896861 -0.33882026 -0.05389471 0.93849755
205.00000000 0.02555956 -0.00234469 -0.00568501 0.06544158 -0.48939266 -0.02751875 0.86916911
205.00000000 -0.02991530 -0.00540022 0.01121311 0.11231710 0.07544106 -0.01481790 0.99069367
205.00000000 -0.02991584 -0.00534791 0.01116447 0.11226915 0.07536992 -0.01490670 0.99070319
205.00000000 -0.10581253 -0.02229285 0.16709667 -0.04500736 0.93241158 0.00473789 -0.35855339
205.00000000 -0.00925277 -0.01252404 0.07916099 -0.02180838 -0.32742323 -0.05898136 0.94278291
205.00000000 -0.09813587 0.00173922 -0.01372846 0.03507791 -0.39093610 -0.07186754 0.91693706
205.00000000 -0.05377205 -0.01044626 0.05898488 0.02359760 0.85831135 0.11866600 0.49866137
205.00000000 -0.03408811 -0.00448351 0.00966411 0.11867174 -0.09720380 -0.01853455 0.98799034
205.00000000 -0.08519288 0.00307360 -0.02779663 -0.00578148 -0.24339250 -0.04770304 0.96873685
205.00000000 -0.03130483 -0.00577955 0.01144025 0.09523348 0.42443535 -0.01959929 0.90022280
205.00000000 -0.02748707 -0.01928162 0.12248748 0.05556838 0.82109981 0.12443419 -0.55427736
205.00000000 -0.02887515 -0.00468959 0.01065856 0.05161773 -0.39630755 -0.02055295 0.91643522
205.00000000 -0.02496838 -0.02806887 0.14910070 0.01829042 0.93931090 0.12655878 -0.31834474
205.00000000 -0.07293447 -0.00851528 0.05984922 0.01291276 0.86219786 0.13279667 0.48868513
205.00000000 -0.04107992 -0.02382894 0.12074147 0.01135404 0.98484951 0.01525015 -0.17236575
205.00000000 0.02853797 -0.00922517 0.04316847 0.00086282 -0.25804591 -0.05630204 0.96449035
205.00000000 -0.01333454 -0.01320911 0.05935764 0.01586487 0.80597509 0.10906911 -0.58159813
205.00000000 -0.00704283 -0.00991018 0.06022997 -0.04447320 -0.61155522 -0.09416740 0.78431808
205.00000000 -0.15982862 -0.01207536 0.08943183 -0.02030467 0.95009691 0.01297095 -0.31102304
205.00000000 0.02856135 -0.01360874 0.06980959 0.05551069 -0.45582723 -0.05361086 0.88671640
205.00000000 0.01980146 -0.03237053 0.15341679 0.01675800 0.98182341 0.11455143 -0.15039921
205.00000000 -0.02582659 -0.01709355 0.08409732 -0.00449958 0.87843810 0.11496833 -0.46379796
205.00000000 -0.09689207 0.00090226 -0.01761040 0.17118702 -0.31182567 -0.01523894 0.93446644
205.00000000 -0.03347489 -0.01071821 0.05891874 0.03024096 0.87901500 0.11433292 0.46189403
205.00000000 -0.02818924 0.00060622 -0.02736802 0.00682115 -0.43851882 -0.07002546 0.89596381
205.00000000 -0.07298910 0.00358410 -0.03210555 -0.01574645 -0.33537835 -0.07477661 0.93897916
205.00000000 -0.02958636 -0.00539927 0.00732891 0.09324466 0.67150011 0.01025697 0.73504274
205.00000000 -0.04830674 -0.01220277 0.06688026 0.03966399 0.85389691 0.10473131 0.50825012
205.00000000 -0.02245218 -0.00386575 0.02078480 0.03045870 0.90954293 0.10527358 0.40090074
205.00000000 -0.07203064 -0.01035158 0.06581834 0.03202905 0.80897996 0.11248976 0.57608300
205.00000000 -0.02072138 -0.03723104 0.20695792 -0.00307754 0.94903566 0.10484657 -0.29720203
205.00000000 -0.03287685 -0.01478436 0.09064506 -0.00630450 0.81200770 0.04186833 -0.58210891
205.00000000 -0.03323081 -0.00385225 0.00394009 0.10879163 0.50955699 -0.03355076 0.85287185
205.00000000 -0.10011443 0.00276461 -0.01365048 0.01977888 -0.38307151 -0.06949649 0.92088830
205.00000000 -0.05995292 -0.00870550 0.05885981 0.02609840 0.81304151 0.10880389 0.57135286
205.00000000 -0.05998340 -0.00867556 0.05893778 0.02603298 0.81299270 0.10859591 0.57146486
205.00000000 -0.04593749 -0.00549010 0.02281600 0.03966901 -0.39601453 -0.03391036 0.91676003
205.00000000 -0.03667603 -0.00527731 0.02959908 -0.02743579 -0.40938718 -0.07403656 0.90893784
205.00000000 -0.01690062 -0.00968786 0.05495225 0.03248437 0.97169051 0.13672768 0.18991541
205.00000000 -0.06138522 0.00109098 -0.04977682 -0.06124329 0.71193106 0.00350048 -0.69956499
205.00000000 -0.01279437 -0.00662154 0.02211120 0.10356339 -0.59840506 0.00479292 0.79445770
205.00000000 -0.03565391 -0.00809080 0.05496837 -0.03573639 -0.37888111 -0.05179374 0.92330354
205.00000000 -0.00622253 -0.00042301 -0.03494391 -0.05827520 0.70818828 0.04402261 -0.70223598
205.00000000 -0.01063727 -0.00885186 0.03248273 -0.00063592 0.95979766 0.11063961 -0.25796692
205.00000000 -0.08337912 -0.00450782 -0.02039518 -0.01877613 0.98367547 0.00416889 -0.17892077
205.00000000 -0.02131680 -0.00455221 0.00179324 0.05254938 0.87297261 -0.00470853 0.48490742
205.00000000 -0.03280649 0.00112754 -0.01341251 -0.01180722 0.60305767 0.07331311 0.79423373
205.00000000 -0.05029441 0.00078659 -0.01103232 0.00364957 0.67136122 0.07645880 0.73716677
205.00000000 -0.06976247 -0.00506468 0.01952819 0.01693947 -0.46777243 -0.07646163 0.88037244
205.00000000 -0.06033594 -0.01314913 0.08315924 0.05045732 0.98562725 0.14285741 -0.07473119
205.00000000 -0.02247166 -0.00462625 0.00321984 -0.00498924 0.99734028 0.06536911 0.03184888
205.00000000 -0.05912276 -0.00752291 0.04632153 0.03005216 0.88965828 0.07602445 0.44924969
205.00000000 -0.01986195 -0.00400261 0.00046661 0.09699577 0.16684567 -0.02385980 0.98091032
205.00000000 -0.04211667 -0.01163490 0.06497445 0.03167567 0.90907267 0.12729903 -0.39544721
205.00000000 0.00023711 -0.00586814 0.01408984 -0.02796258 -0.14253684 -0.03644845 0.98872284
205.00000000 -0.01836395 -0.01104824 0.04293164 -0.01648732 0.84177877 0.07491072 -0.53434545
205.00000000 -0.00106545 -0.00737011 0.01911015 -0.00372474 0.90768094 0.11479615 -0.40363756
205.00000000 -0.04402419 -0.00838598 0.04852433 0.00070836 0.98782809 0.13824059 0.07130715
205.00000000 -0.02990500 -0.01073142 0.06359776 -0.00945944 -0.53573081 -0.08328683 0.84021802
205.00000000 -0.06746145 -0.00022198 -0.01676887 0.03401838 0.45503937 0.01661692 0.88966612
205.00000000 -0.04853814 -0.01537525 0.08572916 0.04068497 0.94916185 0.13472751 -0.28157593
205.00000000 -0.03993548 -0.00723344 0.04699788 -0.00893113 -0.33254899 -0.07277986 0.94023109
205.00000000 -0.02634045 -0.00477824 0.00130585 -0.01160108 0.97820752 0.08656379 -0.18836711
205.00000000 -0.00473852 -0.00721396 0.02535023 -0.00330003 0.90746400 0.13063961 -0.39928873
205.00000000 -0.03537957 -0.00949033 0.06503655 -0.02050691 -0.50855787 -0.08565348 0.85651144
205.00000000 -0.03657901 -0.00548697 0.01172129 0.01524060 -0.51199873 -0.06067016 0.85670541
205.00000000 -0.04279235 -0.00693896 -0.00243767 -0.03368943 0.87801367 -0.01068427 -0.47732888
205.00000000 -0.02389233 -0.00720126 0.03053535 -0.03289748 -0.47941462 -0.09175957 0.87215799
205.00000000 -0.02383985 -0.00716717 0.03048467 -0.03271360 -0.47957208 -0.09181750 0.87207224
205.00000000 -0.00335425 -0.01164299 0.05842155 0.06406568 -0.37791903 -0.06187091 0.92154478
205.00000000 -0.02397708 -0.00980390 0.04359955 -0.02137968 0.88675958 0.04152627 -0.45986512
205.00000000 -0.01926079 -0.00635317 0.02645209 0.00029569 0.00045501 -0.00796118 0.99996816
205.00000000 -0.03251328 -0.01000686 0.05856685 -0.02305931 -0.60937318 -0.09209174 0.78717959
205.00000000 -0.03392563 -0.00999326 0.03905717 0.00267426 0.98992877 0.05410677 0.13079119
205.00000000 -0.08165465 -0.01239999 0.09563608 0.02662473 0.89968030 0.11933654 0.41907668
205.00000000 -0.01336698 -0.00719848 0.03146961 -0.00905797 -0.12365235 -0.02751403 0.99190273
205.00000000 -0.06985904 -0.01701599 0.10598799 0.05255165 0.98643181 0.15471889 0.01589585
205.00000000 -0.02909607 -0.01348416 0.07453322 0.03098368 0.96416225 0.15501781 0.21307427
205.00000000 -0.02453467 -0.00575068 0.01475073 0.02247328 -0.60090625 -0.05881299 0.79683604
205.00000000 -0.07730051 -0.00449752 0.01595033 -0.04369626 0.79744908 -0.00079225 -0.60180144
205.00000000 -0.05502563 -0.00494549 0.01701630 0.00364460 -0.25758405 -0.05680063 0.96457807
205.00000000 -0.08625127 -0.00264693 0.00458012 0.00998651 -0.38022417 -0.06380277 0.92263701
205.00000000 -0.02635368 -0.00821663 0.03445326 -0.04418727 0.93830708 0.04439797 -0.34008253
205.00000000 -0.02239541 -0.00826008 0.03282789 -0.04985839 0.85432631 0.04659036 -0.51523785
205.00000000 -0.06530936 -0.00573647 0.02009625 0.10223887 0.00496891 -0.03235506 0.99422114
205.00000000 -0.01473459 -0.01532885 0.07623754 -0.01744812 0.98584254 0.11997739 -0.11582523
205.00000000 -0.03133694 -0.01324584 0.06948665 0.01418604 0.96554692 0.15169955 -0.21096243
205.00000000 -0.06014252 -0.00589889 0.04540240 0.06426477 0.78777033 0.04149297 0.61120068
205.00000000 -0.04937928 -0.00166689 0.01896578 0.01321069 0.54274183 0.03258426 0.83916330
205.00000000 -0.03382841 -0.00775849 0.02593779 0.09574904 -0.10794861 -0.01708503 0.98938735
205.00000000 -0.03123975 -0.01011861 0.05591650 -0.00720433 -0.40208408 -0.08006326 0.91206708
205.00000000 -0.03037978 -0.01243282 0.06450365 0.03311306 0.95424752 0.14104333 0.26157593
205.00000000 -0.03469589 -0.01026935 0.03994643 -0.07301682 0.73268656 0.00861745 -0.67658310
205.00000000 -0.01615398 -0.01528356 0.07750768 -0.01586319 0.97760842 0.11152373 -0.17774308
205.00000000 -0.02590212 -0.00860156 0.03085773 0.12559214 0.60160448 -0.01231889 0.78876290
205.00000000 -0.00813545 -0.00852807 0.04348069 -0.02381626 -0.23479575 -0.04307935 0.97079756
205.00000000 -0.06040716 -0.00218610 -0.00253182 -0.00719311 -0.41846512 -0.06516844 0.90586328
205.00000000 -0.07385237 -0.00411160 0.01647802 -0.06348227 0.87483083 0.01454224 -0.48003078
205.00000000 -0.05462449 -0.00595698 0.04196307 0.06043249 0.64500247 0.02953733 0.76121434
205.00000000 -0.05310775 -0.00712610 0.04053054 0.07624357 0.52039978 -0.00165533 0.85051058
205.00000000 -0.03523815 -0.01530828 0.10246181 -0.02693590 -0.65092922 -0.09418826 0.75279093
205.00000000 -0.03485666 -0.01523975 0.10236640 -0.02670315 -0.65111670 -0.09417600 0.75263860
205.00000000 -0.04476247 -0.01397015 0.02896912 0.09145803 0.85028100 -0.01806071 0.51800720
205.00000000 -0.04084346 -0.00704360 0.01918733 -0.03743958 0.81025482 0.03468663 -0.58385122
205.00000000 0.00226720 -0.00516813 0.00791757 -0.00561802 0.76871767 0.09509514 -0.63245435
205.00000000 -0.00426901 0.00252121 -0.04982414 0.12800307 0.44977244 -0.01637879 0.88377130
205.00000000 -0.02840293 -0.00797590 -0.02661598 0.09334148 0.73435970 -0.02717175 0.67176253
205.00000000 0.01420685 0.00051995 -0.03430319 -0.00036167 -0.09360743 -0.02385309 0.99532334
205.00000000 -0.05494368 -0.00895728 0.04280198 -0.00215531 0.95379743 0.00371498 -0.30041975
205.00000000 -0.01026798 0.00391861 -0.05204554 0.11805926 0.29757526 -0.03286791 0.94680023
205.00000000 -0.02588472 -0.01135226 0.06788969 0.00809896 0.92221539 0.10722600 -0.37142397
205.00000000 -0.05730951 -0.01019118 0.05077015 0.00847363 0.98434971 0.01650214 -0.17524707
205.00000000 -0.00054448 -0.00034702 -0.02499829 0.00479485 -0.65036751 -0.07213393 0.75617181
205.00000000 -0.10293025 -0.00689588 0.03431810 0.01793871 0.77993576 0.10657856 0.61645716
205.00000000 -0.10961083 0.00664958 -0.05649515 -0.00057873 -0.35142283 -0.06429431 0.93400637
205.00000000 -0.14475466 -0.02114220 0.14608885 0.00282903 0.97922089 0.15188808 0.13434450
205.00000000 -0.01860273 0.00368304 -0.05051987 -0.02073005 0.25061501 0.00592448 0.96784672
205.00000000 -0.04759697 0.00372654 -0.05235211 0.01879349 -0.54543258 -0.06414878 0.83548492
205.00000000 -0.02036127 -0.00194049 -0.03107478 0.09069483 -0.44491680 -0.02292807 0.89067266
205.00000000 -0.05418371 -0.01326727 0.09691776 0.01318548 0.95903503 0.15500980 -0.23674862
205.00000000 -0.00835376 -0.01359171 0.08153928 0.01529466 0.96228868 0.09832031 -0.25317916
205.00000000 -0.11265289 0.01039977 -0.08817506 0.15078348 -0.04278936 -0.02092353 0.98741866
205.00000000 -0.08538059 0.00537077 -0.06480958 -0.00705361 -0.41057925 -0.06652508 0.90936755
205.00000000 -0.07052632 -0.02227927 0.16263689 0.04795789 0.93328745 0.13078444 -0.33101361
205.00000000 -0.03918814 -0.00718011 0.03738447 -0.04275937 0.91578071 0.03618770 -0.39775340
205.00000000 -0.02030700 -0.00009357 -0.03926506 0.09415709 -0.34204229 -0.01489098 0.93483676
205.00000000 -0.06642561 0.00610102 -0.04788448 0.12724461 0.05328607 -0.04122272 0.98958077
205.00000000 -0.10884713 -0.02031772 0.15813023 0.05543822 0.98770480 0.14315074 -0.02955840
205.00000000 -0.02561745 -0.00826640 0.03423943 -0.01006581 -0.37719116 -0.08557299 0.92211863
205.00000000 -0.00824622 0.00055661 -0.04066908 0.11229028 0.54847418 -0.03652715 0.82778786
205.00000000 -0.03680294 -0.00844054 0.03808288 -0.03083037 0.86748454 0.01903374 -0.49614290
205.00000000 -0.12609148 0.00087432 -0.00870488 -0.02926968 0.85905923 -0.01529320 -0.51080980
205.00000000 -0.04270541 -0.00064348 -0.03765958 0.03243700 -0.39864469 -0.04081089 0.91562259
205.00000000 -0.06527826 0.00323517 -0.01736771 0.10566677 0.32641814 -0.00860559 0.93926124
205.00000000 -0.06532284 0.00338487 -0.01755472 0.10553860 0.32647718 -0.00878330 0.93925349
205.00000000 -0.06950205 0.00231695 -0.01751226 0.03240929 0.90417152 0.09117070 0.41606658
205.00000000 -0.04098869 0.00549094 -0.06770235 0.01726615 0.99892789 -0.00852861 0.04209764
205.00000000 -0.08222134 0.01071521 -0.06330629 -0.00109230 0.90295495 0.05900219 -0.42566407
205.00000000 -0.10100476 0.00175491 -0.00536730 0.03288820 0.95926615 0.14954917 0.23740653
205.00000000 -0.02814038 -0.00181334 -0.00658542 0.03265011 0.97413481 0.12606749 0.18466816
205.00000000 0.02238199 0.01999713 -0.14638490 -0.06606116 0.78699869 0.01954267 -0.61309629
205.00000000 -0.08237646 0.02077942 -0.02896609 0.03019659 0.89669254 0.13822559 -0.41943336
205.00000000 0.06405608 0.01305222 -0.09316305 -0.02214604 0.80767707 0.09209555 -0.58196710
205.00000000 -0.00308498 -0.00297253 -0.00015550 0.02558991 0.99491797 0.09437165 -0.02402895
205.00000000 0.08821075 0.01313604 -0.09210971 0.01613743 0.76969741 0.11785491 -0.62722859
205.00000000 -0.14331919 0.02286318 -0.17880059 -0.04161282 0.89706029 0.02412355 -0.43928267
205.00000000 -0.04516805 0.00143942 0.00434239 0.02829934 0.98624270 0.14266205 -0.07856218
205.00000000 0.15449404 0.01616523 -0.12493648 0.09492031 -0.63023777 -0.00703107 0.77054595
205.00000000 -0.06522597 0.00318589 -0.01747003 0.11745432 0.26906637 -0.01202667 0.95585727
205.00000000 -0.06480327 0.00919178 -0.07321828 -0.03232395 0.91450118 0.03137816 -0.40206736
205.00000000 -0.00949737 -0.00475688 0.01116515 0.02154532 0.97216083 0.13280997 -0.19183490
205.00000000 0.02050780 -0.00276016 -0.01873013 0.11259959 0.21151792 -0.03813089 0.97011728
205.00000000 0.06957891 0.02115460 -0.14993808 -0.00264045 0.73955609 0.09717332 -0.66603841
205.00000000 -0.02580260 0.00759485 -0.01506217 -0.00520382 0.89123940 0.09515007 -0.44340920
205.00000000 0.11735186 0.01161324 -0.12683931 0.02333621 -0.63797306 -0.07365426 0.76617286
205.00000000 0.09121216 0.00854489 -0.07608460 -0.02611839 0.77931485 0.08392160 -0.62043804
205.00000000 -0.06255274 0.00324786 -0.02036135 0.11822062 0.25765814 -0.00351981 0.95897017
205.00000000 0.06163320 0.01965607 -0.15676799 0.02788272 -0.63940227 -0.09821157 0.76206416
205.00000000 -0.01431744 -0.00128792 0.00338002 0.05429525 -0.61445229 -0.05821117 0.78492794
205.00000000 -0.03433866 0.00205628 -0.01609437 0.03203023 0.95938878 0.12422247 0.25122899
205.00000000 0.01794309 -0.00244855 -0.02146953 0.13130555 0.24083876 -0.01159805 0.96157217
205.00000000 -0.05249155 0.00326618 -0.01956145 0.03245844 0.98835537 0.13243018 0.06754520
205.00000000 0.08999029 0.01497456 -0.15546622 -0.00891478 -0.65012586 -0.11403291 0.75116802
205.00000000 -0.02629656 0.00408068 -0.04555559 0.08281786 0.72103424 0.01255273 0.68781775
205.00000000 -0.03129209 0.01392676 -0.06557680 0.01950895 0.68643558 0.08806264 0.72157506
205.00000000 -0.04363121 0.01835027 -0.05535428 0.00244829 0.88245512 0.11379777 -0.45641761
205.00000000 -0.07249898 -0.00037530 0.00382312 0.04742639 0.80353206 0.11242231 0.58262182
205.00000000 -0.07255746 -0.00032599 0.00392444 0.04735276 0.80352280 0.11217640 0.58268798
205.00000000 -0.07092355 -0.00383399 0.01162527 0.10679534 -0.07086793 -0.04371679 0.99078824
205.00000000 -0.03732673 0.01399549 -0.09346093 -0.00293315 0.59591866 0.06727307 0.80021664
205.00000000 -0.06200476 -0.00110307 0.00616815 0.03750599 0.79398480 0.09212346 0.59974554
205.00000000 0.20473883 0.01924698 -0.26094325 0.10145774 -0.54171894 -0.03777131 0.83355878
205.00000000 0.18500503 0.01554105 -0.21521073 0.00117161 -0.61423692 -0.10788201 0.78171165
205.00000000 -0.02201428 -0.00169802 -0.05736006 -0.04458512 0.84806990 0.01794308 -0.52770035
205.00000000 -0.03619510 -0.00186319 -0.03691115 -0.03209851 0.83883238 0.05793495 -0.54034569
205.00000000 -0.06300600 -0.00054889 -0.00139652 0.02098935 0.96433053 0.15159844 -0.21597218
205.00000000 -0.01458918 0.00330771 -0.06764564 0.04850763 0.92997496 0.03095247 0.36309162
205.00000000 0.00096693 -0.00365879 -0.01944382 -0.00127785 0.94584197 0.12351192 -0.30021016
205.00000000 -0.09216330 0.00452005 -0.03264842 0.08927059 0.65612039 0.02365240 0.74898422
205.00000000 -0.06090057 0.01356471 -0.09619468 0.01387993 0.54913670 0.04126478 0.83459778
205.00000000 -0.02594612 0.00452136 -0.06857603 0.13770593 0.67200039 -0.01338307 0.72751182
205.00000000 -0.02135649 -0.00152507 -0.06862592 0.01655379 0.99653410 -0.00715828 -0.08120661
205.00000000 0.01487697 -0.00202699 -0.03481075 0.00373735 0.79696045 0.11777868 -0.59242574
205.00000000 -0.00240109 -0.00413825 -0.00880411 0.01674775 0.96903205 0.13209074 -0.20796261
205.00000000 0.12012975 0.02617372 -0.31911849 -0.01240042 -0.38147189 -0.08455696 0.92042140
205.00000000 -0.07141928 -0.00039843 -0.00597844 0.03266102 0.95103420 0.12541279 0.28060443
205.00000000 -0.02568180 -0.00057909 -0.06191982 0.05742347 0.98978905 -0.00433499 0.13038937
205.00000000 -0.01102751 -0.00243793 -0.00188896 0.03121891 0.80537460 0.12791050 -0.57795851
205.00000000 0.15963461 0.02816530 -0.30425482 0.00607432 -0.55298672 -0.09671840 0.82753510
205.00000000 -0.08807413 0.00768360 -0.11692793 0.02766879 0.99953637 0.00699813 -0.01060743
205.00000000 -0.00754344 0.01593591 -0.17475128 0.04742410 -0.66893099 -0.04141262 0.74065328
205.00000000 0.17464887 0.01400350 -0.21892795 -0.02354175 -0.61106749 -0.12825218 0.78076481
205.00000000 -0.02175100 -0.00021452 -0.06673114 0.06813388 0.96819908 -0.02322632 0.23960145
205.00000000 -0.06257512 -0.00048819 -0.00143903 -0.00254086 0.94950920 0.17132802 -0.26281654
205.00000000 0.11861290 0.02608290 -0.31134594 -0.01067084 -0.45568210 -0.10150888 0.88427140
205.00000000 -0.11725298 -0.00131179 0.01023744 0.01655236 0.94711668 0.14651540 0.28500747
205.00000000 -0.05027611 0.01403255 -0.09442692 0.01016011 0.65858629 0.08419592 0.74771112
205.00000000 0.12105990 0.02915316 -0.32940825 -0.00209137 -0.42752690 -0.08546742 0.89995094
205.00000000 0.01533884 0.00035980 -0.05307106 0.00304967 0.75158760 0.10695946 -0.65089665
205.00000000 -0.09051089 0.00363157 -0.02891322 0.09831097 0.69034692 0.02659475 0.71627425
205.00000000 -0.09049852 0.00367171 -0.02889047 0.09815634 0.69034528 0.02653036 0.71629942
205.00000000 -0.02582432 0.00904929 -0.07901317 0.00200178 0.31912931 0.02625329 0.94734536
205.00000000 -0.11220791 -0.00513489 0.02563166 0.05732304 0.97156559 0.16472666 0.16012339
205.00000000 0.00173317 0.00514936 -0.06881926 -0.01023641 0.75214584 0.09337732 -0.65226723
205.00000000 0.04359278 0.00187792 -0.10807068 -0.02968194 -0.57781005 -0.12641625 0.80577507
205.00000000 0.05604870 0.01216942 -0.21891982 0.00952836 -0.45163539 -0.09461226 0.88712074
205.00000000 -0.09661956 0.00186919 -0.00230388 0.03608491 0.74179818 0.10790221 0.66090124
205.00000000 -0.02131298 0.00699756 -0.06873127 -0.00815884 0.10723708 -0.01420696 0.99409849
205.00000000 -0.04212754 0.00201655 -0.03289291 0.04685057 0.85698262 0.12873628 -0.49680255
205.00000000 -0.08870319 0.00510987 -0.03695050 0.09136082 0.54377590 0.00855495 0.83419888
205.00000000 -0.10786162 -0.00519993 0.02820482 0.06653036 0.97664953 0.16751312 0.11691345
205.00000000 -0.08283609 0.00434432 -0.03200706 0.03372236 0.90814416 0.14604994 -0.39090460
205.00000000 -0.06991360 0.00320274 -0.05857763 0.00251594 0.95546700 0.00994522 -0.29491962
205.00000000 -0.08373254 0.01105013 -0.08783121 -0.07802269 0.83732292 0.00622524 -0.54107673
205.00000000 0.00247379 0.00941710 -0.10788361 0.00124978 -0.67956721 -0.10608406 0.72590152
205.00000000 -0.07244889 0.00117778 -0.03475628 0.00540853 0.93577892 0.04622481 -0.34950226
205.00000000 -0.06650796 0.01199408 -0.08510315 0.01723013 0.52819158 0.01539536 0.84881079
205.00000000 -0.03117247 0.00266288 -0.05549834 0.12918580 0.07148369 -0.05640849 0.98743060
205.00000000 -0.07676304 -0.00072488 -0.00895495 0.03980923 0.96001974 0.12514681 0.24721571
205.00000000 -0.05390174 0.00101873 -0.06524738 0.01253483 0.98227368 0.00246304 -0.18701664
205.00000000 0.04225122 0.01316188 -0.19472339 0.02720019 -0.47061927 -0.06878079 0.87923083
205.00000000 -0.08143879 0.00756221 -0.06031110 0.16071222 0.23574017 -0.03993506 0.95760292
205.00000000 -0.03368851 0.00193985 -0.05989608 0.07193327 0.95122052 -0.02319642 0.29911043
205.00000000 -0.08827012 0.00315492 -0.02039965 0.05281479 0.80229057 0.06162289 0.59139078
205.00000000 -0.06848132 0.00154075 -0.03854309 0.01090918 0.94976258 0.06653720 -0.30562204
205.00000000 -0.03255494 0.01386435 -0.13640281 0.03552801 -0.65400085 -0.06914609 0.75248885
205.00000000 -0.07832535 0.00660639 -0.06118354 0.17706244 0.20219397 -0.04208622 0.96228647
205.00000000 -0.03411122 -0.00302275 -0.01227985 0.01754294 0.99175727 0.11874745 -0.04481967
205.00000000 0.07527023 0.01012191 -0.14384284 0.06827904 -0.65669905 -0.04961777 0.74941471
205.00000000 -0.08683454 0.00525921 -0.04583645 0.11629566 0.35994213 -0.02203447 0.92543582
205.00000000 -0.11306087 0.00056751 0.00294352 0.03250351 0.91970194 0.15568712 0.35896153
205.00000000 -0.08368180 0.00081045 0.00096969 0.04279432 0.77307484 0.08545856 0.62707318
205.00000000 -0.11470772 0.00639037 -0.08416348 0.03040005 0.98930233 -0.00359686 -0.14263170
205.00000000 -0.11466808 0.00635980 -0.08397846 0.03029682 0.98929977 -0.00352161 -0.14267327
205.00000000 -0.04444864 -0.00818506 0.00054409 0.02484447 0.99212728 0.11283884 -0.04830755
205.00000000 -0.07713640 0.00844947 -0.11801201 0.00151533 -0.44122504 -0.10700080 0.89099327
205.00000000 -0.08854357 -0.01038237 0.02731358 0.05175445 0.84038270 0.13533831 -0.52226616
205.00000000 -0.10252865 -0.01024107 0.03156119 0.05327443 0.92474957 0.15242373 -0.34462600
205.00000000 -0.04988393 -0.00889878 0.00558031 0.03806603 0.99306243 0.10428597 0.03876115
205.00000000 -0.08883835 -0.00304269 -0.02608016 0.09899872 0.88567132 -0.01149424 0.45349030
205.00000000 -0.05483702 -0.00583320 -0.01977169 0.02357371 0.96299043 0.14764553 -0.22426436
205.00000000 -0.06501945 0.01088336 -0.12020915 0.12454425 0.06613256 -0.04031820 0.98918636
205.00000000 -0.00403325 -0.00629937 -0.03817674 0.04117303 -0.57463112 -0.05757550 0.81534589
205.00000000 -0.06871439 0.00980810 -0.12427158 0.14960106 -0.40202793 -0.03387867 0.90268782
205.00000000 -0.03956884 -0.00703672 -0.00890862 0.02107103 0.98096998 0.12691663 -0.14541691
205.00000000 -0.05514612 0.00972116 -0.11236757 0.09401810 -0.15281258 -0.05865810 0.98202247
205.00000000 -0.11117735 0.00458706 -0.07557325 -0.04451456 0.72279068 0.03083161 -0.68894231
205.00000000 -0.00531572 0.00198722 -0.09334444 0.00604635 -0.28703331 -0.08359631 0.95424681
205.00000000 -0.08948651 -0.00553883 -0.00320409 0.03277366 0.98555176 0.16030926 0.04375573
205.00000000 -0.05718799 -0.00943743 0.00894090 0.02233142 0.98328303 0.14334600 0.11003506
205.00000000 0.00025814 -0.00369030 -0.07119916 0.01308331 -0.45279615 -0.09406349 0.88654189
205.00000000 -0.02217094 0.00466430 -0.09034128 0.12274395 -0.21322101 -0.04547213 0.96819575
205.00000000 -0.11894681 -0.01016149 0.03452817 0.06874124 0.98345107 0.16522785 -0.02825571
205.00000000 -0.05967461 -0.00111043 -0.04586266 0.00013288 0.99613942 0.08566862 -0.01916056
205.00000000 -0.05824333 -0.00484983 -0.02608628 0.01384115 0.95859788 0.08132334 -0.27255283
205.00000000 -0.05595571 0.00370760 -0.09174968 0.00008600 -0.58590154 -0.08001946 0.80642189
205.00000000 -0.07480065 -0.00969627 0.01944620 0.03480920 0.78449544 0.13435322 -0.60440420
205.00000000 -0.01066983 0.00124241 -0.08091704 -0.00687761 -0.33313979 -0.07886556 0.93954819
205.00000000 -0.06130797 0.00273262 -0.07775436 -0.00861450 0.07150782 -0.03006253 0.99694968
205.00000000 -0.05495633 0.00298704 -0.09459696 0.02138094 -0.50704796 -0.08123510 0.85781471
205.00000000 -0.03750427 0.00059672 -0.08420254 -0.02378802 -0.53738938 -0.11874736 0.83459322
205.00000000 -0.08930034 0.00765820 -0.09327248 0.01450968 0.48546527 0.02880879 0.87366069
205.00000000 -0.05754278 0.01388772 -0.12862870 0.15036516 -0.02446155 -0.04216775 0.98742789
205.00000000 -0.03350952 -0.00482521 -0.03198426 -0.00017384 0.89154274 0.13980176 -0.43082128
205.00000000 -0.11411532 0.00648895 -0.08488630 0.00664556 0.96910731 0.00317662 -0.24652943
205.00000000 -0.03170631 -0.00328389 -0.04959288 -0.03286204 -0.64368868 -0.12656493 0.75403335
205.00000000 -0.03142089 -0.00316410 -0.04979456 -0.03266419 -0.64381470 -0.12657834 0.75393210
205.00000000 0.00044864 0.00211228 -0.08878871 -0.00780660 0.71902653 0.09807838 -0.68798295
205.00000000 -0.04575705 0.00043700 -0.12440717 0.05252906 0.98484937 0.02332762 0.16361004
205.00000000 -0.09191376 -0.00034266 -0.04178265 0.13331855 0.24640229 -0.02626623 0.95959479
205.00000000 -0.18853339 0.02010553 -0.17409517 0.14188420 -0.63897650 -0.00956691 0.75596719
205.00000000 -0.05969177 0.00008619 -0.07598938 -0.05935975 0.74077639 0.04469839 -0.66762925
205.00000000 -0.19889097 -0.01711289 0.12037063 0.07303975 0.98488024 0.15693809 0.00682202
205.00000000 -0.11740945 0.01610323 -0.12751385 0.02873537 -0.31140053 -0.07858286 0.94658794
205.00000000 -0.06334146 0.00317633 -0.09420749 0.00895864 -0.55676201 -0.07678218 0.82706729
205.00000000 -0.02462398 -0.00484078 -0.03757549 0.01770926 0.95942796 0.14242760 -0.24269064
