698.00000000 0.00002897 0.00005265 -0.00015088 0.00005885 -0.00013567 -0.00002340 0.99999999
698.00000000 0.09707521 -0.00647400 0.05484924 -0.00539758 0.31130502 0.04441962 0.94925600
698.00000000 0.15543208 -0.12836635 0.59109497 0.00949523 0.99165019 0.01173407 0.12807052
698.00000000 0.26576656 0.02217074 -0.09830292 0.11644838 -0.46882352 -0.02732145 0.87515588
698.00000000 0.08420703 0.00472130 0.00699504 -0.02203601 0.34531460 0.05923934 0.93635620
698.00000000 0.22251597 -0.14278966 0.64327568 -0.04795396 0.98407019 0.06016550 -0.16026972
698.00000000 0.08466340 -0.02373312 0.11873134 0.00734265 -0.03438392 -0.01912167 0.99919878
698.00000000 0.02871754 -0.06356139 0.29495740 0.08808062 0.87800668 0.05750285 0.46694699
698.00000000 0.45025006 -0.01325262 0.02126607 -0.06798381 0.85551155 0.08866219 -0.50558600
698.00000000 -0.01177416 -0.00587779 0.00364442 0.17028841 0.02225136 -0.00611309 0.98512404
698.00000000 0.27077898 -0.08946017 0.40719086 -0.00513673 0.99606724 -0.02733066 0.08412316
698.00000000 0.19769391 -0.00115049 -0.00008426 0.11877063 -0.16057480 -0.00815154 0.97981775
698.00000000 0.27715042 -0.03831859 0.16342685 0.11951736 -0.50992574 -0.07003348 0.84899155
698.00000000 0.33036089 -0.08661374 0.33640409 0.16978407 -0.58295076 -0.01230058 0.79447497
698.00000000 0.25259149 -0.01771800 0.06543935 0.11878025 -0.34329887 -0.05108424 0.93028358
698.00000000 0.13792087 -0.12376635 0.56410658 0.05048004 0.95912915 -0.00602185 0.27836448
698.00000000 0.11848635 -0.07843413 0.33557272 0.12500201 -0.21647399 -0.01543283 0.96812981
698.00000000 0.09139426 -0.03061538 0.14964965 0.01739064 -0.30765216 -0.05489742 0.94975470
698.00000000 0.23756447 -0.08659834 0.37922052 0.06728625 0.94502169 -0.05095494 0.31592745
698.00000000 0.06555271 -0.10234896 0.43753004 0.18789324 0.78316761 -0.04272066 0.59120180
698.00000000 0.18196562 -0.06593207 0.28465298 0.10974272 -0.37368715 -0.03147741 0.92050183
698.00000000 0.01122937 -0.10188341 0.41010857 0.15128318 0.45845844 0.00646725 0.87572109
698.00000000 0.05764001 0.00463464 -0.01318485 0.06094090 -0.36702750 -0.05162509 0.92677498
698.00000000 0.15305796 -0.12724090 0.58295596 0.01574787 0.98523434 0.00371630 0.17044497
698.00000000 0.02975105 -0.06799817 0.29987872 0.06785959 0.87719884 0.07309590 0.46965335
698.00000000 0.12114110 0.01913044 -0.06629618 0.00610542 0.32164878 0.05316179 0.94534576
698.00000000 0.00446407 -0.10514285 0.42244160 0.15881250 0.52154448 0.01037699 0.83824952
698.00000000 0.25447446 -0.11659356 0.51259470 0.03056260 0.87211972 0.07993234 0.48175091
698.00000000 -0.05307742 -0.01331459 0.02377335 0.23941494 0.06637742 -0.00398725 0.96863751
698.00000000 0.23134966 -0.15385146 0.66148078 -0.08563809 0.86421284 0.06998082 -0.49082071
698.00000000 0.12914599 0.01649585 -0.06429932 0.01059623 0.26231502 0.02603129 0.96457292
698.00000000 0.19600207 -0.06397338 0.29018515 0.08985405 0.75925169 0.05752214 0.64199246
698.00000000 0.08175018 -0.07861334 0.34827983 0.14527923 -0.04112693 0.00146830 0.98853445
698.00000000 0.08173700 -0.07858000 0.34819147 0.14535932 -0.04119629 0.00141310 0.98851987
698.00000000 0.18994463 -0.00386033 0.02382032 0.11865580 -0.13476844 -0.01867162 0.98356984
698.00000000 -0.03998136 -0.04463632 0.17999658 0.13218948 0.55109905 -0.00767561 0.82386701
698.00000000 0.10336584 -0.05896403 0.24517805 0.11946081 -0.24145776 0.00839769 0.96299364
698.00000000 -0.06943222 -0.03717711 0.14595498 0.08984172 0.47998596 0.00793282 0.87262765
698.00000000 0.25519988 -0.11661940 0.51092795 -0.00914390 0.99449509 0.06993179 0.07749487
698.00000000 0.25529590 -0.08889307 0.37541587 -0.08198674 0.83593835 0.08743282 -0.53557516
698.00000000 0.19944490 -0.07812346 0.34058586 0.09896700 -0.55373084 -0.06417295 0.82429942
698.00000000 0.24589627 -0.04746629 0.21552727 0.15201074 -0.52782077 -0.06404494 0.83318438
698.00000000 -0.03471675 -0.02876938 0.11281981 0.21209331 0.04897363 -0.01700669 0.97587334
698.00000000 0.15888775 -0.13316925 0.59872747 -0.05786029 0.93216317 0.05326768 -0.35339294
698.00000000 0.20902539 -0.09229732 0.39592261 -0.00010903 0.99407377 -0.02856406 0.10488768
698.00000000 0.06183586 -0.12007706 0.52444184 0.12812953 0.89580086 -0.03985214 0.42371623
698.00000000 0.08955165 -0.02081008 0.08229862 0.16039468 -0.10009281 -0.01816360 0.98179685
698.00000000 0.24832376 -0.11861132 0.52309055 0.02530445 0.95485156 0.09292398 0.28103969
698.00000000 0.11103894 -0.01078214 0.04097580 0.03264305 0.15314831 0.00428039 0.98765465
698.00000000 0.16494614 -0.00454960 0.02090647 0.08292644 0.52872862 0.04633148 0.84345874
698.00000000 0.08987536 -0.01575228 0.06910856 0.05835979 -0.06281817 -0.02404474 0.99602704
698.00000000 0.13806651 -0.08291520 0.36867853 -0.00520699 0.99720036 0.07396914 -0.00963861
698.00000000 0.09728481 -0.01500811 0.06527115 0.06403335 0.00378604 -0.00113058 0.99793994
698.00000000 0.38788650 -0.12338953 0.55483242 -0.06426547 0.94723137 0.09011119 -0.30083660
698.00000000 0.18765380 -0.11854763 0.51403896 0.03739767 0.91063735 0.08897460 0.40177675
698.00000000 -0.05337739 -0.03738983 0.15171903 0.09121107 0.49527070 0.00673049 0.86391098
698.00000000 0.25445900 -0.09365887 0.43735309 -0.11364369 0.91632210 0.00003065 -0.38397776
698.00000000 0.32860718 -0.04185597 0.19754320 0.12438909 -0.68635995 -0.05740159 0.71424256
698.00000000 0.08252707 -0.02195222 0.09394895 0.17197656 -0.15067683 -0.01426999 0.97340481
698.00000000 0.02480059 -0.10935553 0.44140262 0.20629061 0.63709480 -0.03541071 0.74182240
698.00000000 0.02744327 -0.10794473 0.45641376 0.17496284 0.74693007 -0.03387290 0.64057482
698.00000000 -0.00051335 -0.02213835 0.10723751 -0.04002110 0.46956947 0.10000438 0.87630015
698.00000000 0.29538384 -0.05380783 0.25367120 -0.04083224 0.98079667 0.02284981 -0.18933702
698.00000000 -0.05328758 -0.05492625 0.22321584 0.12398373 0.63166026 0.01617690 0.76509585
698.00000000 0.14656580 -0.00268699 0.00654332 0.10051598 0.52960138 0.03043127 0.84172017
698.00000000 0.11176316 -0.01272401 0.03691515 0.06732197 0.31600120 0.02143163 0.94612456
698.00000000 0.11182496 -0.01253489 0.03671345 0.06733609 0.31587984 0.02140359 0.94616471
698.00000000 0.39633523 -0.05807059 0.34158993 -0.04478482 0.93162026 0.08083232 -0.35148848
698.00000000 0.12384918 -0.05126055 0.16221136 0.14596063 -0.19678116 -0.00688841 0.96949741
698.00000000 0.61886407 -0.33062375 1.44245053 -0.07761735 0.85456565 0.06574993 -0.50928386
698.00000000 0.39244687 -0.33969270 1.46636309 0.06361924 0.83817485 0.09107225 0.53396757
698.00000000 -0.36440916 -0.04702878 0.10181280 0.15952178 -0.00323103 -0.00945272 0.98714386
698.00000000 -0.44625047 -0.10897640 0.35136549 0.09478225 0.41506986 0.01490145 0.90471613
698.00000000 0.19411514 -0.08405228 0.33073646 0.13083498 -0.35827533 -0.04515471 0.92329954
698.00000000 -0.02760560 -0.05127160 0.18627534 -0.01390320 0.24321438 0.03758081 0.96914454
698.00000000 0.00323799 -0.00290849 -0.01682373 0.13247227 0.01540909 0.01411323 0.99096643
698.00000000 0.54973133 -0.30037118 1.39824602 -0.07894054 0.87740868 0.05905632 -0.46950479
698.00000000 0.55670519 -0.29636286 1.36240884 -0.02539986 0.99490234 0.06868996 -0.06932442
698.00000000 -0.17173858 -0.37464423 1.63796906 -0.02852256 0.99179397 0.08079732 -0.09488406
698.00000000 -0.01964410 -0.11907389 0.48782352 0.13017879 0.04722897 0.02196311 0.99012147
698.00000000 0.22272860 -0.19879037 0.85126828 -0.06917923 0.80675972 0.10254047 -0.57778754
698.00000000 -0.07356369 -0.01139692 0.04672106 0.00669683 0.57023448 0.12390899 0.81205563
698.00000000 -0.02959038 -0.01349500 0.06414264 -0.01298423 0.44070898 0.09081088 0.89295039
698.00000000 -0.22308128 -0.03894041 0.10761765 0.16220737 -0.19000011 -0.00005939 0.96829165
698.00000000 -0.53871536 -0.05647122 0.13101797 0.15544751 0.09079798 -0.01038863 0.98360758
698.00000000 0.11582678 -0.19466303 0.82802662 0.12129586 0.62229558 0.04631278 0.77193954
698.00000000 -0.33122519 -0.16646139 0.68341007 0.11642481 0.75231384 0.03082832 0.64770268
698.00000000 -0.22524041 -0.21936981 0.88308078 0.16689344 0.27636588 0.00466168 0.94643898
698.00000000 0.26495393 -0.21047530 1.02486162 -0.11423352 0.89600723 -0.02222306 -0.42851825
698.00000000 -0.09276996 -0.18690820 0.78017683 0.13907569 -0.06797714 0.00473070 0.98793455
698.00000000 -0.02065133 -0.12545933 0.50487510 0.12692162 0.17390330 0.02533108 0.97622071
698.00000000 0.12571208 -0.03379077 0.07369760 0.13600626 -0.21872196 -0.03218837 0.96572610
698.00000000 0.19376781 -0.21038702 0.91326689 0.09056295 0.80257312 0.03737677 0.58845366
698.00000000 0.36212019 -0.16836052 0.77212014 0.13489456 -0.33050303 -0.00877074 0.93407402
698.00000000 -0.24281983 -0.03654343 0.11652338 -0.02772523 0.80365996 0.18878220 0.56366947
698.00000000 0.44536329 -0.33159964 1.44077596 0.01487923 0.87055610 0.10306812 0.48092374
698.00000000 -0.05183674 -0.01303525 0.05531945 0.00166009 0.46612628 0.11883874 0.87669886
698.00000000 -0.59437865 -0.05916765 0.14331080 0.11376655 0.21321659 -0.01311630 0.97026997
698.00000000 -0.29438424 -0.19232220 0.80102484 0.08770024 0.83747423 0.04319953 0.53766103
698.00000000 -0.29457132 -0.19241497 0.80113817 0.08770687 0.83743903 0.04323495 0.53771193
698.00000000 0.76376807 0.03101243 -0.08521031 -0.07003387 0.81322892 0.07500486 -0.57282480
698.00000000 0.80610469 -0.14320172 0.58626684 -0.02738178 0.99744472 0.04071093 -0.05193152
698.00000000 -0.64037410 -0.02836655 0.08900886 0.04266372 -0.18715468 -0.05410827 0.97991083
698.00000000 -0.09634113 -0.32035366 1.39802274 0.13049396 0.83285698 -0.02269401 0.53740633
698.00000000 -0.15464467 -0.30420238 1.30738676 0.17930724 0.62356226 0.00898261 0.76087997
698.00000000 -0.57401151 -0.01953305 0.11351391 0.15202086 -0.08503742 -0.01802350 0.98454733
698.00000000 0.51796646 -0.16380324 0.72731080 -0.07201146 0.85289333 0.10726111 -0.50584817
698.00000000 0.37045661 -0.22739877 0.97731702 0.15223331 0.83310397 -0.07175619 0.52689073
698.00000000 0.83341832 -0.15589569 0.62231527 -0.02080569 0.99894226 0.03929247 0.01173002
698.00000000 0.61622796 -0.14177100 0.71228456 -0.08022794 0.82128527 0.08036406 -0.55910249
698.00000000 -0.24114985 0.05504082 -0.20776376 0.12102315 0.10236982 -0.00004494 0.98735699
698.00000000 0.46111922 -0.24827525 1.11310602 -0.05948359 0.99379330 -0.00363107 -0.09393288
698.00000000 0.54916517 -0.23784634 1.06912545 -0.05957875 0.98329068 -0.01799576 -0.17107297
698.00000000 0.34147197 -0.35453648 1.58860024 0.01161936 0.96334947 0.05763913 0.26172602
698.00000000 -0.15713452 0.04227364 -0.11313851 0.13233533 0.02708191 0.00939841 0.99079039
698.00000000 -0.17950042 -0.28310730 1.24534986 0.14653045 0.45660006 0.00392998 0.87751340
698.00000000 0.22614224 -0.20973417 0.90898484 -0.03098037 0.97776629 0.12037238 -0.16888987
698.00000000 0.38305185 -0.19266974 1.00798187 -0.13428973 0.78921173 -0.00072037 -0.59925838
698.00000000 -0.48997207 -0.02220912 0.11934082 0.05116664 -0.18848548 -0.04908329 0.97951316
698.00000000 0.15026548 -0.22289231 0.97364397 -0.00962957 0.99735099 0.06214163 0.03656078
698.00000000 0.74247499 -0.03091225 0.16866628 -0.01642827 0.95456985 0.10416984 -0.27870265
698.00000000 -0.34116865 -0.14292267 0.58654361 0.12385938 0.70019694 0.04275551 0.70182267
698.00000000 0.61438189 -0.35618358 1.55707919 0.06909801 0.82797957 0.09358876 0.54855851
698.00000000 -0.03012693 0.02316411 -0.09987513 0.00238742 0.22570964 0.02771430 0.97379740
698.00000000 0.45203872 -0.17756809 0.84125686 -0.06347297 0.93506784 0.09805391 -0.33467110
698.00000000 -0.23868101 0.03354195 -0.10541292 0.14928247 0.07096267 -0.00383252 0.98623747
698.00000000 -0.45214731 0.00158022 -0.03264172 0.13475313 0.08139272 -0.01272484 0.98744868
698.00000000 0.85839910 -0.16818284 0.71802030 0.02605672 0.98841278 0.14916091 -0.01059481
698.00000000 0.83942327 -0.15410199 0.66512897 0.02448986 0.98789002 0.15251787 0.01455505
698.00000000 0.55709874 0.01271810 -0.01258364 0.10291557 -0.68686212 -0.07593617 0.71544567
698.00000000 0.10660039 -0.22324752 0.97832635 -0.00454910 0.99671874 0.05396419 0.06015750
698.00000000 -0.20759120 -0.00926208 0.08014711 -0.05394385 0.61335188 0.12656405 0.77773458
698.00000000 -0.20982145 -0.00924097 0.07872606 -0.05373581 0.61335027 0.12664969 0.77773631
698.00000000 1.35408045 -0.83507257 3.54212413 -0.00302756 0.99580557 0.08596899 0.03116783
698.00000000 3.98827908 -0.82065123 3.29291814 0.01473776 0.95617382 0.10873583 -0.27146075
698.00000000 0.01003544 -0.98665365 4.04458235 0.16728211 0.37597348 0.00695173 0.91137934
698.00000000 0.62276087 -0.05301511 0.03181280 0.00433761 0.36533815 0.05765908 0.92907731
698.00000000 1.35321617 -0.68543182 2.76423872 0.13036349 0.68419501 0.03249077 0.71681720
698.00000000 0.45017454 0.10814917 -0.70123796 0.01030142 0.69087284 0.12352736 0.71227073
698.00000000 3.61860173 -0.49366002 1.90203814 -0.03541213 0.96804141 0.05227604 -0.24271181
698.00000000 2.71581975 -0.48230590 1.71332933 0.10677539 -0.60475200 -0.06774583 0.78631071
698.00000000 -1.26996105 -0.18736489 0.34817905 0.11430800 0.32828981 0.00937029 0.93758823
698.00000000 2.69946717 -0.54335851 1.86410325 0.08177112 -0.62547699 -0.08000221 0.77181064
698.00000000 0.30270584 -1.26046463 5.57855859 0.13187553 0.85607592 -0.03449473 0.49855088
698.00000000 2.70566234 -0.21582640 0.92877342 0.10602628 -0.42486262 -0.05111141 0.89757329
698.00000000 0.01561521 -0.00436231 -0.03541431 0.11240929 -0.10189451 0.00494616 0.98841145
698.00000000 1.77634530 0.19990814 -1.18711054 0.08629904 0.37751303 0.00535122 0.92195865
698.00000000 1.90998610 0.22199100 -1.17900708 0.11911325 -0.29490974 -0.02577479 0.94772144
698.00000000 -0.55463818 0.02230871 -0.48777842 -0.03981744 0.84033612 0.18337908 0.50854880
698.00000000 1.64087352 0.01958888 -0.47625769 0.16109253 -0.10785625 -0.01174378 0.98095785
698.00000000 4.73178688 -0.91587121 4.19873947 -0.09968184 0.78737039 0.05222670 -0.60612191
698.00000000 -1.23071072 -0.24784325 0.68832985 0.13565747 0.50833049 -0.00170522 0.85040829
698.00000000 0.58339040 -0.75428500 3.18884621 0.03469878 0.97415445 0.06013378 0.21494890
698.00000000 3.08229262 -0.81004763 3.64989757 -0.12784957 0.80745522 -0.00290967 -0.57590111
698.00000000 0.97316800 0.06792297 -0.83127341 0.15848039 0.00633253 0.00347749 0.98733569
698.00000000 1.96958790 -0.85440646 3.70983969 0.10362662 0.92371611 -0.05959361 0.36394873
698.00000000 2.67712857 -0.93174225 3.39256547 0.17220859 -0.55132165 -0.00552786 0.81630759
698.00000000 0.27803792 0.07198104 -0.75435535 0.05306041 -0.15700530 -0.03159485 0.98566510
698.00000000 -1.47483834 -0.11247018 0.01965925 0.16437520 0.08876959 -0.01955355 0.98220080
698.00000000 -0.36566677 0.00546269 -0.31200337 -0.00734886 0.11119108 0.03193982 0.99325847
698.00000000 -0.34736534 -0.68868418 3.00614867 0.10466740 0.88178526 0.04052077 0.45810213
698.00000000 2.84840894 -0.84881277 3.69225840 -0.09405108 0.89869445 -0.00348179 -0.42835798
698.00000000 0.78664196 -1.25715101 5.66177459 0.04768918 0.96952262 -0.01997651 0.23948395
698.00000000 0.42545864 -0.51586202 2.28925630 0.13165571 -0.33018956 -0.01705871 0.93453231
698.00000000 2.80597813 -0.65785873 2.42592634 -0.07968072 0.82709451 0.10093049 -0.54715509
698.00000000 2.80690879 -0.65763899 2.42562014 -0.07967131 0.82712758 0.10089742 -0.54711256
698.00000000 4.17557819 0.00990842 -2.28419687 -0.03390269 0.41204534 0.07025994 0.90781759
698.00000000 3.07952740 -0.20186115 0.02291168 0.10710172 -0.56155047 -0.08348331 0.81622351
698.00000000 -0.63452021 -0.98785151 4.06284843 0.12051147 0.09621417 -0.00128453 0.98803753
698.00000000 1.81828062 -0.46872642 -0.42897618 0.10221049 0.69659910 0.01810862 0.70991182
698.00000000 0.55083188 -0.50565955 2.04133731 0.11583734 -0.11072097 0.00655805 0.98705601
698.00000000 8.33070073 -0.23911550 0.03963670 -0.00983635 0.96849197 0.13164736 -0.21117652
698.00000000 5.26482336 -1.03828786 4.50641696 -0.09713712 0.76127648 0.05886834 -0.63840193
698.00000000 -1.36065936 0.08306581 -0.84560031 0.18423108 -0.00383747 -0.00980010 0.98282661
698.00000000 6.88304782 0.52444987 -3.86726494 -0.04055695 0.95688513 0.09065879 -0.27295964
698.00000000 3.25275575 -1.29533552 5.25725155 0.13596443 -0.43800353 -0.00736076 0.88860137
698.00000000 -0.89821969 0.42428272 -2.86761508 0.02509404 -0.40462669 -0.06473556 0.91184255
698.00000000 -1.08489136 0.20330248 -1.03417229 -0.03045646 0.08571343 0.00212139 0.99585195
698.00000000 1.14528535 -0.74459051 3.17476518 -0.06623015 0.77175765 0.08258716 -0.62704311
698.00000000 0.66776456 -1.66024908 8.06850919 -0.06872033 0.90777103 0.03534990 -0.41228589
698.00000000 2.05655479 0.43482551 -3.77722396 -0.01500530 0.77722414 0.14765915 0.61146893
698.00000000 4.92587965 -1.33120884 6.52525267 -0.03415627 0.99215023 0.04303864 -0.11233404
698.00000000 2.61433144 -0.24898974 0.17225620 0.11590770 -0.42027843 -0.04214007 0.89897478
698.00000000 2.47489684 0.23152681 -3.27520676 -0.06238701 0.25059199 0.06156989 0.96411652
698.00000000 6.23257219 -1.21337790 5.07478748 -0.01257214 0.99241460 0.05197418 0.11069729
698.00000000 1.19560124 -0.75230728 3.28455832 -0.05854238 0.84766485 0.09267601 -0.51908405
698.00000000 4.28395760 -0.29485905 0.46011569 -0.08581997 0.77419505 0.07418778 -0.62269826
698.00000000 4.60141180 -1.30570331 5.38574906 0.04497453 0.96263542 -0.04336835 0.26349485
698.00000000 4.20148894 -0.34074850 0.72431389 -0.08225437 0.84374869 0.06278369 -0.52666932
698.00000000 5.25842223 -1.06176422 4.68094488 -0.09609253 0.76745381 0.04989334 -0.63189519
698.00000000 0.55672919 0.36515963 -1.91940256 0.12822203 0.00764665 -0.00082080 0.99171567
698.00000000 3.15414882 0.33103264 -3.18802614 -0.08314536 0.70661166 0.04597143 -0.70119429
698.00000000 2.15283010 -0.70365447 2.85778301 -0.05610655 0.88605856 0.08171279 -0.45285241
698.00000000 4.22456280 -0.64181277 2.07833158 0.01163873 0.99949720 0.02744127 0.01081028
698.00000000 6.70846802 0.41283100 -3.35880543 -0.02169211 0.95075969 0.07492404 -0.29995310
698.00000000 1.39234869 -0.39257513 1.40190386 0.10310744 -0.25701364 -0.02872652 0.96046220
698.00000000 2.84902239 -0.05152868 -0.74584594 0.09230627 -0.44804915 -0.05963122 0.88722918
698.00000000 3.00341215 -0.71880536 1.62680636 0.05738233 0.94000373 0.02404941 0.33544280
698.00000000 3.00293883 -0.71913420 1.62854248 0.05743851 0.93997201 0.02405210 0.33552188
698.00000000 5.43287961 -0.64970786 1.36411061 0.07610425 0.77911391 0.02211165 0.62185266
698.00000000 7.31671110 0.28860999 -3.34044821 -0.03284864 0.97075805 0.11930890 -0.20570648
698.00000000 3.22403625 0.51354378 -4.88349594 0.14067076 -0.19242535 -0.00450875 0.97116625
698.00000000 2.99800595 -0.03832764 -1.70690193 0.08194452 -0.34668117 -0.02540496 0.93405131
698.00000000 5.35810135 0.55721432 -4.97292291 0.07255316 0.25621878 0.01073498 0.96383232
698.00000000 7.60977564 -0.45142774 0.22533884 -0.07233316 0.74783355 0.09757325 -0.65268090
698.00000000 3.44888472 0.31937250 -3.39235357 -0.01791573 0.30904174 0.05273368 0.94941634
698.00000000 4.93847038 -0.27978754 -0.97045113 0.00211209 0.95966795 0.11156607 -0.25804260
698.00000000 3.98784579 -1.42517590 5.25534064 0.15610769 0.79148929 -0.04608192 0.58911081
698.00000000 7.03198396 -0.31016530 -0.05552328 0.15249235 -0.43315214 -0.01531739 0.88819519
698.00000000 3.22235508 -0.58374336 1.01086739 0.14078467 0.15702800 0.00832857 0.97747252
698.00000000 1.83708901 -0.53720052 0.65684027 0.10601537 0.78969872 0.03046655 0.60349687
698.00000000 7.59633748 0.02078188 -2.30893165 -0.06035386 0.83459457 0.07535144 -0.54233890
698.00000000 10.84826221 -0.84997335 2.08536996 -0.06741466 0.81982168 0.08720167 -0.56191062
698.00000000 7.99013139 -1.33077086 4.91575170 -0.00343115 0.99228140 0.07307835 0.10012699
698.00000000 2.18827898 0.26993653 -2.98346294 -0.01623928 0.26848911 0.06229955 0.96112884
698.00000000 1.42805457 -0.32158829 -0.49042072 0.12125271 0.65780185 0.00320509 0.74336009
698.00000000 3.99315024 0.57966099 -5.00523258 0.02226675 0.11634184 0.01884338 0.99278079
698.00000000 5.63309747 0.40305897 -3.90118809 0.11669754 -0.15019423 -0.02730245 0.98136535
698.00000000 3.21913590 -1.18096347 4.18893750 0.11652589 0.62654690 -0.00454954 0.77061014
698.00000000 7.57177159 -0.40322903 0.16829492 0.06923733 -0.67091570 -0.08234599 0.73368757
698.00000000 6.26315004 -1.49135599 5.73444195 0.01834569 0.96080420 0.06378560 0.26916559
698.00000000 1.83060478 0.50009696 -4.10845836 0.02479323 -0.17848132 -0.02117208 0.98340300
698.00000000 3.90103026 -0.14672330 -0.46723367 0.00427945 -0.54035312 -0.07436392 0.83813495
698.00000000 3.96794864 -1.41462736 5.40194387 0.14197257 0.82297743 -0.05426410 0.54736400
698.00000000 3.57890673 -1.26592787 4.63717828 0.12606211 0.86502445 -0.04013541 0.48397335
698.00000000 10.10997073 -1.45110419 5.00209341 -0.05859717 0.90722316 0.08434260 -0.40792014
698.00000000 2.67304897 -0.01609961 -1.94687444 0.04123173 -0.42389974 -0.07025303 0.90203851
698.00000000 3.32367007 -0.57905991 0.88475170 0.12520508 0.10620619 0.00548696 0.98641463
698.00000000 1.85251945 -0.40421867 0.16600719 0.10767256 0.71758074 0.02713746 0.68756677
698.00000000 3.69117163 -0.48101914 0.22617328 0.10940507 -0.26443036 -0.01549985 0.95805369
698.00000000 10.58304675 -1.46156593 4.93783502 -0.07056798 0.88486168 0.07791490 -0.45383834
698.00000000 10.58453219 -1.46199323 4.93884627 -0.07056557 0.88489135 0.07789237 -0.45378472
698.00000000 3.58614528 0.42558449 -2.99357503 0.01164060 -0.53418499 -0.07691729 0.84178063
698.00000000 3.92030032 1.28915902 -7.44503828 0.08050791 0.48188548 0.01997305 0.87229922
698.00000000 4.64156760 -1.91056378 7.13000106 -0.04612171 0.93984722 0.04330928 -0.33568482
698.00000000 -0.78054137 0.04208483 -1.82072735 0.12644121 0.62650362 -0.00288071 0.76908877
698.00000000 2.41398495 0.57369015 -4.46445549 -0.00327034 0.27084835 0.03162342 0.96209690
698.00000000 0.04228159 1.17333279 -6.67119406 0.00138356 0.91235160 0.14727459 0.38199848
698.00000000 5.04184219 -0.38227562 -0.21146197 0.06872463 0.63653883 0.06445753 0.76546748
698.00000000 10.29692575 -0.51242370 0.61621754 0.00988463 0.97634417 0.11255422 -0.18435268
698.00000000 3.58460987 -1.79248748 7.17335656 0.08750901 0.92932670 -0.02621038 0.35778077
698.00000000 7.17295924 0.29658890 -2.59962465 0.10779188 -0.54255991 -0.08222939 0.82900421
698.00000000 -0.51456497 0.73567470 -5.22343458 -0.03726888 0.29641177 0.06198356 0.95231777
698.00000000 3.01894860 -1.60199045 6.44882210 0.13107071 0.86223061 -0.03484885 0.48802090
698.00000000 5.89475142 -0.40243186 0.54537422 -0.05414678 0.89265395 0.11782809 -0.43168690
698.00000000 -0.02777246 0.89199132 -5.68219877 -0.01046310 0.24258633 0.04402090 0.96907407
698.00000000 2.04308850 -0.69817531 1.77356851 0.02975133 0.97390673 0.06015282 0.21679987
698.00000000 5.00218456 -0.57170470 1.38488246 -0.03781574 0.89016163 0.10787064 -0.44107388
698.00000000 7.27749381 1.04120214 -6.19863377 -0.03066395 0.92491340 0.10880265 -0.36298334
698.00000000 10.66164048 -1.38804148 4.58192203 -0.06478976 0.85970796 0.07999974 -0.50030446
698.00000000 2.59082452 -0.46527663 0.85586187 0.16874186 0.31530041 0.01270367 0.93378287
698.00000000 4.57078242 -1.87994035 7.44680981 -0.01629224 0.99886700 0.04114412 -0.01750565
698.00000000 4.04274248 -0.32815558 -0.56138384 0.08211050 0.54165265 0.05749373 0.83460454
698.00000000 8.92056159 0.17318525 -2.44759931 -0.05111000 0.89942511 0.09811973 -0.42284128
698.00000000 1.35281199 1.18323708 -6.42032661 -0.01546919 0.96943868 0.15529976 0.18929164
698.00000000 5.55760248 -0.48446937 0.89092455 -0.05206526 0.92476004 0.10874788 -0.36094595
698.00000000 0.78880704 1.24759139 -6.76559463 0.04224243 -0.15964259 -0.03444749 0.98566891
698.00000000 10.63831823 -1.10007517 3.24966980 -0.09977162 0.78078783 0.07718081 -0.61193064
698.00000000 2.65367108 -0.64622519 1.29912616 0.16436538 0.25829003 0.00381406 0.95197465
698.00000000 5.27855357 -1.84134000 7.03786407 -0.04192083 0.99691485 0.05228949 -0.04085626
698.00000000 8.00917584 0.49779890 -4.13652778 -0.07072464 0.86932376 0.06366324 -0.48499611
698.00000000 1.82391309 -0.66772245 1.75645367 0.06259060 0.95616899 0.01577527 0.28561236
698.00000000 6.25826760 -0.75734980 1.78267727 0.14840789 0.85655639 -0.03460098 0.49304058
698.00000000 3.67744247 1.43574870 -7.98863717 0.12963485 -0.02472088 -0.00641458 0.99123284
698.00000000 3.67892265 1.44108166 -7.99838666 0.12972319 -0.02472390 -0.00645972 0.99122091
698.00000000 9.03142035 -1.08521189 2.22781640 0.11677945 0.87262881 -0.06509570 0.46972766
698.00000000 19.76904700 0.31737583 -3.94659536 -0.07707847 0.80101601 0.05570599 -0.59104070
698.00000000 4.50872003 1.29167984 -7.50649406 0.13851119 -0.04831992 -0.00950088 0.98913577
698.00000000 5.59112364 1.29809415 -5.31153543 -0.02264960 0.91358025 0.17765274 -0.36509947
698.00000000 1.25803466 -0.52502159 1.22046502 0.10244681 0.85714753 0.04288161 0.50295520
698.00000000 9.76460929 -1.22647609 4.21424939 -0.02501390 0.98302110 0.09243457 -0.15652373
698.00000000 24.46029127 0.18398058 -4.11616866 -0.07712539 0.77610780 0.08288991 -0.62035282
698.00000000 7.06677224 0.23096973 -1.60490351 0.08003472 0.59639678 0.06135193 0.79632987
698.00000000 1.28409225 -1.01730701 2.57695451 0.10188399 0.84772844 0.04339179 0.51874204
698.00000000 -3.54440739 0.95093838 -5.35869615 0.05196165 0.28262699 0.05059526 0.95648424
698.00000000 10.78921193 0.42587485 -4.11675473 0.08535448 -0.59751210 -0.07271778 0.79398112
698.00000000 -1.95522603 0.75167479 -4.47266737 0.13436968 0.61436480 0.00711953 0.77746383
698.00000000 17.67279771 -2.76389945 12.01174839 -0.08768661 0.71400638 0.07138343 -0.69094888
698.00000000 8.35508050 1.20631085 -7.21679732 -0.04189783 0.94083326 0.12993547 -0.31015177
698.00000000 1.07392863 0.64473117 -3.31705603 -0.02332565 0.14263129 -0.00557761 0.98948528
698.00000000 1.38241140 0.14434345 -1.01158745 0.01002440 -0.10828777 -0.01014717 0.99401726
698.00000000 -2.52686153 1.16443995 -6.38044227 0.12457892 0.04009557 0.00452236 0.99138892
698.00000000 2.11124622 -1.48558017 6.54075103 0.15069505 0.80189600 -0.02715271 0.57750890
698.00000000 3.78322139 -1.36103920 5.20075555 0.01992332 0.99102699 0.06061407 0.11745003
698.00000000 6.09854122 1.00403540 -6.44571596 0.12289868 -0.17228408 -0.02745143 0.97696496
698.00000000 6.57370618 -1.58086471 5.21879679 0.10434312 -0.55013387 -0.07128560 0.82545963
698.00000000 4.12790918 -0.41177043 -0.27409864 0.10194100 0.40843290 0.02023022 0.90685243
698.00000000 3.82484203 -1.56373894 6.20952586 0.03061818 0.98645053 0.05709113 0.15072652
698.00000000 8.77267967 -0.57073964 -0.24351550 0.11480079 -0.46562584 -0.06387629 0.87517608
698.00000000 6.20271836 0.01002394 -1.29998074 0.08634327 0.55753680 0.05996895 0.82346906
698.00000000 9.87617248 -1.43340998 2.72835739 -0.04587083 0.89389788 0.14853731 -0.42045109
698.00000000 12.92300941 2.05936858 -10.29993448 0.11090092 0.48569677 0.04344813 0.86597453
698.00000000 13.31838544 1.21697445 -8.26021550 -0.08467245 0.73441014 0.06748951 -0.67001305
698.00000000 16.13289627 -2.45126405 8.78553562 -0.02860751 0.98511607 0.07906536 -0.14992203
698.00000000 8.92582851 0.20200416 -3.03426753 0.12326466 -0.37205244 -0.06832947 0.91744967
698.00000000 15.44151458 0.50798429 -5.36594542 -0.05293281 0.87690322 0.08463812 -0.47018640
698.00000000 11.08202618 -1.79632013 6.24282736 -0.07254325 0.88486791 0.05680223 -0.45663965
698.00000000 11.08212998 -1.79583734 6.24284866 -0.07254006 0.88487433 0.05682245 -0.45662519
698.00000000 13.34640650 0.85823334 -7.23003442 -0.02119936 0.96434472 0.12206613 -0.23385829
698.00000000 17.75158242 -0.00434743 -3.40096730 0.08989625 -0.64745758 -0.08437053 0.75206313
698.00000000 16.78711819 -1.33996967 3.66309024 0.01370629 0.98267601 0.09130734 0.16069527
698.00000000 11.49073925 -0.39350749 -0.75218459 -0.06810023 0.95884339 0.00319494 -0.27562928
698.00000000 6.22321842 -0.30673380 -0.71454849 0.00378444 0.99354717 0.05693940 -0.09801839
698.00000000 0.21455851 2.23614945 -11.84674345 0.00314772 0.90708109 0.14809494 0.39403285
698.00000000 5.45130036 0.26286564 -2.67204299 0.01151499 -0.26518500 -0.04620824 0.96302083
698.00000000 17.07021357 -0.99285700 1.37611227 -0.06487274 0.93134150 0.06982980 -0.35145174
