698.00000000 0.00002897 0.00005265 -0.00015088 0.00005885 -0.00013567 -0.00002340 0.99999999
698.00000000 0.09707521 -0.00647400 0.05484924 -0.00539758 0.31130502 0.04441962 0.94925600
698.00000000 0.15543208 -0.12836635 0.59109497 0.00949523 0.99165019 0.01173407 0.12807052
698.00000000 0.26576656 0.02217074 -0.09830292 0.11644838 -0.46882352 -0.02732145 0.87515588
698.00000000 0.08420703 0.00472130 0.00699504 -0.02203601 0.34531460 0.05923934 0.93635620
698.00000000 0.22251597 -0.14278966 0.64327568 -0.04795396 0.98407019 0.06016550 -0.16026972
698.00000000 0.08466340 -0.02373312 0.11873134 0.00734265 -0.03438392 -0.01912167 0.99919878
698.00000000 0.02871754 -0.06356139 0.29495740 0.08808062 0.87800668 0.05750285 0.46694699
698.00000000 0.45025006 -0.01325262 0.02126607 -0.06798381 0.85551155 0.08866219 -0.50558600
698.00000000 -0.01177416 -0.00587779 0.00364442 0.17028841 0.02225136 -0.00611309 0.98512404
698.00000000 0.27077898 -0.08946017 0.40719086 -0.00513673 0.99606724 -0.02733066 0.08412316
698.00000000 0.19769391 -0.00115049 -0.00008426 0.11877063 -0.16057480 -0.00815154 0.97981775
698.00000000 0.27715042 -0.03831859 0.16342685 0.11951736 -0.50992574 -0.07003348 0.84899155
698.00000000 0.33036089 -0.08661374 0.33640409 0.16978407 -0.58295076 -0.01230058 0.79447497
698.00000000 0.25259149 -0.01771800 0.06543935 0.11878025 -0.34329887 -0.05108424 0.93028358
698.00000000 0.13792087 -0.12376635 0.56410658 0.05048004 0.95912915 -0.00602185 0.27836448
698.00000000 0.11848635 -0.07843413 0.33557272 0.12500201 -0.21647399 -0.01543283 0.96812981
698.00000000 0.09139426 -0.03061538 0.14964965 0.01739064 -0.30765216 -0.05489742 0.94975470
698.00000000 0.23756447 -0.08659834 0.37922052 0.06728625 0.94502169 -0.05095494 0.31592745
698.00000000 0.06555271 -0.10234896 0.43753004 0.18789324 0.78316761 -0.04272066 0.59120180
698.00000000 0.18196562 -0.06593207 0.28465298 0.10974272 -0.37368715 -0.03147741 0.92050183
698.00000000 0.01122937 -0.10188341 0.41010857 0.15128318 0.45845844 0.00646725 0.87572109
698.00000000 0.05764001 0.00463464 -0.01318485 0.06094090 -0.36702750 -0.05162509 0.92677498
698.00000000 0.15305796 -0.12724090 0.58295596 0.01574787 0.98523434 0.00371630 0.17044497
698.00000000 0.02975105 -0.06799817 0.29987872 0.06785959 0.87719884 0.07309590 0.46965335
698.00000000 0.12114110 0.01913044 -0.06629618 0.00610542 0.32164878 0.05316179 0.94534576
698.00000000 0.00446407 -0.10514285 0.42244160 0.15881250 0.52154448 0.01037699 0.83824952
698.00000000 0.25447446 -0.11659356 0.51259470 0.03056260 0.87211972 0.07993234 0.48175091
698.00000000 -0.05307742 -0.01331459 0.02377335 0.23941494 0.06637742 -0.00398725 0.96863751
698.00000000 0.23134966 -0.15385146 0.66148078 -0.08563809 0.86421284 0.06998082 -0.49082071
698.00000000 0.12914599 0.01649585 -0.06429932 0.01059623 0.26231502 0.02603129 0.96457292
698.00000000 0.19600207 -0.06397338 0.29018515 0.08985405 0.75925169 0.05752214 0.64199246
698.00000000 0.08175018 -0.07861334 0.34827983 0.14527923 -0.04112693 0.00146830 0.98853445
698.00000000 0.55454082 -0.32031762 1.55558110 0.14987482 -0.00319877 0.00719981 0.98867359
698.00000000 0.63690114 -0.24069802 1.22484546 0.12350246 -0.09710454 -0.01233379 0.98750480
698.00000000 0.42005449 -0.28794784 1.39707975 0.12892823 0.58249205 -0.00082264 0.80254585
698.00000000 0.56809149 -0.29943910 1.45144261 0.12643521 -0.20457291 0.01400783 0.97055028
698.00000000 0.38802044 -0.28091882 1.36535852 0.08820062 0.51267456 0.01659190 0.85387948
698.00000000 0.74030959 -0.35554352 1.70480786 -0.01761318 0.99620229 0.07522741 0.04014484
698.00000000 0.72981957 -0.32681326 1.56991229 -0.09049017 0.81433931 0.08772615 -0.56653962
698.00000000 0.67133097 -0.31708001 1.53937059 0.10628464 -0.52163989 -0.06063655 0.84434508
698.00000000 0.70776143 -0.28442471 1.41152812 0.15903409 -0.49481713 -0.06224803 0.85205008
698.00000000 0.42000806 -0.27146310 1.32984549 0.21479915 0.08727824 -0.01342791 0.97265797
698.00000000 0.65110927 -0.37497209 1.79927749 -0.06798065 0.91760165 0.05518185 -0.38773807
698.00000000 0.68527010 -0.33144032 1.59372426 -0.01208463 0.99729945 -0.02321523 0.06862088
698.00000000 0.54858918 -0.36357657 1.73242989 0.11808934 0.91232415 -0.03596917 0.39041744
698.00000000 0.54148578 -0.26040231 1.29036956 0.16482506 -0.06204507 -0.01323573 0.98428041
698.00000000 0.73439274 -0.35778466 1.71742316 0.01895160 0.96436356 0.09909890 0.24458774
698.00000000 0.55964601 -0.24957202 1.24767589 0.03512344 0.18966834 0.01500184 0.98110510
698.00000000 0.61177799 -0.24194400 1.22376607 0.08202288 0.56007089 0.05508469 0.82253177
698.00000000 0.54072501 -0.25524022 1.27723800 0.06228357 -0.02541741 -0.01504712 0.99762132
698.00000000 0.61230721 -0.32350039 1.57184273 -0.01392337 0.99573312 0.07813246 -0.04708524
698.00000000 0.54781368 -0.25429617 1.27287464 0.06804127 0.04117695 0.00793969 0.99680079
698.00000000 0.87598328 -0.35956763 1.73880248 -0.07298181 0.93436303 0.09289626 -0.33616910
698.00000000 0.67323557 -0.35905782 1.71284496 0.03189700 0.92477208 0.09590474 0.36685346
698.00000000 0.40445623 -0.28080283 1.36992780 0.08931392 0.52764830 0.01530397 0.84461594
698.00000000 0.73364529 -0.33205860 1.63169807 -0.12562367 0.90023230 0.00361848 -0.41687817
698.00000000 0.78877917 -0.27676756 1.38758042 0.13299564 -0.65794993 -0.05661228 0.73905961
698.00000000 0.53536410 -0.26179354 1.30249263 0.17708461 -0.11278325 -0.01007627 0.97766019
698.00000000 0.50531805 -0.35309659 1.65243081 0.20063178 0.66637168 -0.03183982 0.71741334
698.00000000 0.50902452 -0.35173691 1.66722005 0.16770850 0.77204114 -0.02985387 0.61231943
698.00000000 0.45355045 -0.26400074 1.32183135 -0.03804860 0.50053449 0.11336350 0.85741836
698.00000000 0.76004924 -0.28990319 1.44588167 -0.05195783 0.97254581 0.02623812 -0.22531445
698.00000000 0.41019641 -0.29886482 1.44106248 0.12044017 0.66064133 0.02297598 0.74062089
698.00000000 0.59235430 -0.24040034 1.21080676 0.09899801 0.56114615 0.03853402 0.82087120
698.00000000 0.56011337 -0.25146630 1.24355551 0.06837278 0.35119895 0.03106743 0.93328413
698.00000000 0.99230170 -0.49917754 2.46382450 0.06559520 0.40852199 0.04367735 0.90934006
698.00000000 1.33284613 -0.52995234 2.70682997 -0.06541016 0.89064144 0.08020069 -0.44277215
698.00000000 1.03068837 -0.53790425 2.58391066 0.15586938 -0.09676354 0.00549874 0.98301135
698.00000000 1.78044568 -0.79582259 3.73865651 -0.09826665 0.79771259 0.06343190 -0.59158658
698.00000000 1.56389213 -0.81818900 3.80591056 0.05131768 0.88728249 0.10460985 0.44626568
698.00000000 0.54055928 -0.56170464 2.61953527 0.16366757 0.09790505 0.00326693 0.98163988
698.00000000 0.51249323 -0.62982992 2.87911819 0.08917671 0.50396739 0.03392252 0.85843675
698.00000000 1.13415916 -0.56758306 2.73499434 0.14143721 -0.26213887 -0.03336339 0.95402600
698.00000000 0.88706523 -0.54686987 2.63691667 -0.01142161 0.33605926 0.06794199 0.93931763
698.00000000 0.87500051 -0.49555529 2.43256207 0.13855124 0.11590785 0.02957319 0.98310444
698.00000000 1.70244612 -0.76937208 3.70924508 -0.10065759 0.82432629 0.05817672 -0.55404846
698.00000000 1.70206971 -0.76474616 3.67281070 -0.04746572 0.98180161 0.07468352 -0.16803269
698.00000000 1.04679834 -0.88693819 4.08315236 -0.04944999 0.97605028 0.08628233 -0.19348360
698.00000000 0.95739501 -0.61593507 2.92996199 0.13612041 0.14736716 0.03776936 0.97894210
698.00000000 1.26999544 -0.68364035 3.23800144 -0.08530978 0.74348517 0.09696156 -0.65616347
698.00000000 0.81264629 -0.50888361 2.50965160 0.00721552 0.64609940 0.14922990 0.74848777
698.00000000 0.85921826 -0.50852732 2.51816566 -0.01141104 0.52478823 0.11978374 0.84268556
698.00000000 0.67963349 -0.54544689 2.59793111 0.17249749 -0.08971045 0.01070937 0.98085777
698.00000000 0.37608728 -0.58144580 2.68185702 0.15680826 0.19098643 0.00318624 0.96898153
698.00000000 1.16055365 -0.68559480 3.23603113 0.11190375 0.69770750 0.05999366 0.70504082
698.00000000 0.69302999 -0.68255564 3.18146803 0.10108820 0.81485466 0.04227187 0.56921538
698.00000000 0.83866961 -0.73042978 3.35581720 0.16413017 0.37219200 0.01706640 0.91336911
698.00000000 1.34581602 -0.69391007 3.39986538 -0.14400306 0.84630139 -0.01794484 -0.51255738
698.00000000 0.94653061 -0.68969156 3.22973071 0.14657430 0.03290485 0.01901652 0.98846933
698.00000000 0.96008726 -0.62247231 2.94677155 0.12949831 0.27190845 0.04178540 0.95265417
698.00000000 1.01429294 -0.51981537 2.49703528 0.14410033 -0.11909478 -0.01893332 0.98218789
698.00000000 1.25436170 -0.69728001 3.30423271 0.07421275 0.85828055 0.04991240 0.50532733
698.00000000 1.38937547 -0.64467302 3.13383629 0.14829985 -0.23355614 0.00290602 0.96096318
698.00000000 0.66190565 -0.54425627 2.61053961 -0.02883526 0.85265892 0.21138661 0.47692452
698.00000000 1.61027362 -0.80687624 3.77068097 0.00276469 0.91284268 0.11997826 0.39027659
698.00000000 0.83568897 -0.50930816 2.51383860 0.00507269 0.54873892 0.14591781 0.82314510
698.00000000 0.32412455 -0.58744972 2.70467399 0.11149229 0.31028425 0.00488546 0.94407059
698.00000000 0.75346411 -0.70694819 3.28922697 0.07063526 0.88791826 0.05473475 0.45123823
698.00000000 -0.16213130 -0.30871280 1.51104546 0.09537401 0.74957684 0.04108177 0.65372062
698.00000000 1.11294764 -0.13904646 0.96240829 -0.06124890 0.88873273 0.07246185 -0.44849970
698.00000000 0.95524111 -0.30545034 1.61850502 -0.01248914 0.99504388 0.03334713 0.09284216
698.00000000 -0.28393096 -0.14119388 0.72955851 0.04222111 -0.32723665 -0.06652869 0.94165147
698.00000000 -0.14739013 -0.43599552 2.13994649 0.14710039 0.74395139 -0.01796623 0.65159421
698.00000000 -0.17677575 -0.41884108 2.03642231 0.18568253 0.50386495 0.01670937 0.84342333
698.00000000 -0.22697768 -0.13461640 0.77193282 0.14727934 -0.22894461 -0.01560182 0.96210693
698.00000000 0.63828664 -0.31284017 1.67167186 -0.06731282 0.91851065 0.10257045 -0.37588092
698.00000000 0.42324262 -0.36716085 1.86943938 0.17571532 0.74506836 -0.06316713 0.64031804
698.00000000 0.97061994 -0.31869879 1.66086809 -0.00600665 0.98722699 0.03159144 0.15604091
698.00000000 0.73758528 -0.29486761 1.68521057 -0.07199787 0.89495792 0.07598622 -0.43369658
698.00000000 0.18632441 -0.07754431 0.55862168 0.11781722 -0.04322980 -0.00309124 0.99208907
698.00000000 0.47057836 -0.38967233 2.02547383 -0.03777408 0.99794597 -0.01427511 0.04973116
698.00000000 0.56785146 -0.38329627 2.00837324 -0.03570181 0.99859703 -0.02689235 -0.02839271
698.00000000 0.21629915 -0.48458173 2.44741689 0.02169776 0.91546039 0.04947777 0.39876489
698.00000000 0.23934099 -0.09226504 0.67328665 0.12610830 -0.11840342 0.00811506 0.98489160
698.00000000 -0.18205876 -0.39765500 1.96982931 0.15011828 0.32254030 0.00530424 0.93456092
698.00000000 0.30519438 -0.34483046 1.76279075 -0.02743580 0.99279796 0.11409889 -0.02410269
698.00000000 0.42801661 -0.33252757 1.90234565 -0.11430773 0.86977097 -0.01106987 -0.47990589
698.00000000 -0.14825526 -0.14048709 0.80146342 0.04988536 -0.32864833 -0.06032025 0.94120306
698.00000000 0.21358019 -0.35412127 1.80318557 0.00163033 0.98194592 0.05530827 0.18088819
698.00000000 1.01775885 -0.19656678 1.19983594 -0.01073256 0.98528598 0.10248544 -0.13635645
698.00000000 -0.14365710 -0.26042156 1.29196035 0.12775978 0.58944516 0.04303407 0.79647970
698.00000000 0.48658628 -0.49730863 2.49494587 0.06948213 0.73923933 0.08804164 0.66403774
698.00000000 0.35642210 -0.11612782 0.72222132 -0.00099354 0.08327190 0.00707948 0.99650122
698.00000000 0.54215278 -0.32244167 1.76214691 -0.05656655 0.97497374 0.09088122 -0.19485131
698.00000000 0.15867862 -0.09770162 0.65748211 0.14568831 -0.07473136 -0.00262267 0.98650051
698.00000000 -0.06780094 -0.12030110 0.66650059 0.13279948 -0.06432746 -0.01357785 0.98896002
698.00000000 0.96680726 -0.33062247 1.75975063 0.02442760 0.97951567 0.14753123 0.13485872
698.00000000 0.96426378 -0.31654709 1.70361455 0.02228177 0.97542547 0.15011867 0.15972806
698.00000000 0.89358414 -0.14825737 0.97319452 -0.09590211 0.78489881 0.07206029 -0.60790127
698.00000000 0.17041186 -0.35270820 1.79523640 0.00772481 0.97778912 0.04747217 0.20399794
698.00000000 0.13388930 -0.13910815 0.84430361 -0.06228390 0.49655009 0.09918242 0.86007068
698.00000000 -1.80027767 -0.00753931 0.44577119 -0.05844168 0.60112979 0.12816453 0.78663931
698.00000000 -0.46526402 -0.79467391 3.84655820 -0.00789753 0.99507017 0.08428372 0.05166473
698.00000000 2.15662604 -0.75752391 3.71630285 0.00955661 0.96107366 0.10511604 -0.25533645
698.00000000 -1.73302786 -0.95783912 4.32188121 0.16570868 0.36516723 0.01209253 0.91599525
698.00000000 -1.01416278 -0.04149684 0.41303383 0.00239925 0.35089904 0.06013809 0.93447714
698.00000000 -0.39859584 -0.65222159 3.08861307 0.12729247 0.67203411 0.03607666 0.72860501
698.00000000 -1.15694208 0.10874059 -0.31654191 0.00537591 0.67832417 0.12484441 0.72405890
698.00000000 1.83372741 -0.44328513 2.30471049 -0.03934765 0.97161822 0.04844704 -0.22817249
698.00000000 1.07686113 -0.47087511 2.30959223 0.10671612 -0.63397969 -0.06463730 0.76321913
698.00000000 -3.02697592 -0.18139058 0.69278162 0.11270377 0.32064154 0.01528132 0.94034746
698.00000000 1.03340515 -0.54315623 2.49659670 0.08365202 -0.64975086 -0.07675905 0.75162105
698.00000000 -1.50644260 -1.20565547 5.80973640 0.12949908 0.84816962 -0.03201089 0.51265348
698.00000000 0.75207049 -0.19997273 1.38205019 0.10664294 -0.43509507 -0.04356083 0.89298489
698.00000000 -1.77640492 0.02661656 0.32395283 0.11246859 -0.10675519 0.01008839 0.98785240
698.00000000 0.15694449 0.21426881 -0.74007704 0.08510356 0.36283134 0.00884852 0.92791837
698.00000000 -0.26687753 0.22443600 -0.69968409 0.11962160 -0.29614097 -0.02076807 0.94739637
698.00000000 -2.18081913 0.01769181 -0.09106574 -0.04369200 0.83672344 0.18529128 0.51347059
698.00000000 -0.26922056 0.04955198 -0.00846568 0.16228722 -0.11240245 -0.00613511 0.98030144
698.00000000 2.62483651 -0.95656482 4.97615509 -0.09932658 0.80812589 0.04965109 -0.57844753
698.00000000 -2.83622014 -0.24506178 1.00807105 0.13335735 0.49565835 0.00208786 0.85821574
698.00000000 -1.18327455 -0.72360172 3.49143007 0.02970477 0.97010733 0.05994950 0.23327118
698.00000000 1.04115962 -0.77757266 4.29277889 -0.12643665 0.82717733 -0.00922608 -0.54745439
698.00000000 -0.93527479 0.08001009 -0.41369617 0.15772548 0.00199604 0.00984230 0.98743193
698.00000000 0.18733534 -0.80864550 4.03414295 0.10064500 0.91841913 -0.05721286 0.37829032
698.00000000 0.85829525 -0.79708525 3.63642032 0.17288047 -0.56194119 0.00193459 0.80890710
698.00000000 -1.74853165 0.06565304 -0.28691078 0.05570214 -0.15898738 -0.02468907 0.98539877
698.00000000 -3.27755053 -0.10390638 0.32348409 0.16362938 0.08271749 -0.01318631 0.98295949
698.00000000 -2.02590558 0.00092353 0.10521354 -0.00865507 0.09863658 0.03602012 0.99443374
698.00000000 -2.05722854 -0.66718442 3.32133514 0.10043617 0.87588034 0.04232101 0.47005866
698.00000000 1.15639934 -0.76572687 4.06207435 -0.09555409 0.90502104 -0.00835573 -0.41441104
698.00000000 -1.04873998 -1.20028017 5.91389210 0.04493251 0.96543496 -0.01925840 0.25601858
698.00000000 -1.73468040 -0.51031932 2.65267987 0.13272833 -0.33180895 -0.01213808 0.93388365
698.00000000 0.93428494 -0.64542149 2.89170245 -0.08289785 0.84114116 0.09611606 -0.52571019
698.00000000 0.09457022 -0.26901422 1.42842125 -0.08530747 0.89235762 0.10956313 -0.42943734
698.00000000 2.00975456 0.28146554 -2.50122604 -0.02496597 0.27884368 0.05316308 0.95853878
698.00000000 1.00933314 0.21726096 -0.73408743 0.11906924 -0.66546497 -0.09014440 0.73133636
698.00000000 -3.59754366 -0.43963546 1.67023001 0.13498344 -0.08065832 -0.00383043 0.98755204
698.00000000 -0.85612602 0.01120413 -1.50887637 0.12327458 0.57220032 0.02786386 0.81031709
698.00000000 -1.39184867 -0.07303346 0.44878877 0.12154619 -0.27521639 -0.00004778 0.95366790
698.00000000 5.33017061 -0.11595716 1.13411951 -0.01304376 0.98726189 0.14552559 -0.06297716
698.00000000 1.85939816 -0.76217429 3.97238104 -0.09952973 0.83987748 0.06628433 -0.52943935
698.00000000 -2.50840192 0.71541032 -2.66375943 0.19868060 -0.17582861 -0.00370960 0.96415588
698.00000000 5.06303200 0.79988495 -2.99928778 -0.03827908 0.98618589 0.10148602 -0.12519062
698.00000000 -0.13650713 -0.77855506 3.46957226 0.13807543 -0.55290312 -0.01070593 0.82165607
698.00000000 -1.90659293 1.01891353 -4.44220699 0.03945097 -0.52203936 -0.08234845 0.84801961
698.00000000 -2.45668545 0.72503102 -2.83589047 -0.01346738 -0.07331446 -0.01938285 0.99702955
698.00000000 -1.67577794 -0.30252220 1.68083739 -0.07172742 0.84784990 0.09390416 -0.51690205
698.00000000 -3.42881405 -1.28923466 6.13231811 -0.06293038 0.95463809 0.04491500 -0.28755612
698.00000000 0.70781926 0.91818489 -4.37982995 -0.01072069 0.67323158 0.13875726 0.72621672
698.00000000 0.15717196 -1.17440022 6.19377619 -0.02147615 0.99758312 0.05282173 0.03970589
698.00000000 0.76310548 0.25009978 -0.98894741 0.12371947 -0.54040433 -0.04725451 0.83091736
698.00000000 0.62647726 0.65297305 -3.97251459 -0.05224627 0.11438590 0.03778788 0.99134165
698.00000000 2.03249518 -1.04803347 5.08367728 0.00262119 0.96357518 0.06002398 0.26060146
698.00000000 -1.62878566 -0.32562049 1.84763025 -0.06288271 0.90856687 0.10428936 -0.39959448
698.00000000 2.01377438 0.07061900 -0.04774899 -0.08986522 0.85044071 0.08294413 -0.51165918
698.00000000 0.33735981 -1.08529810 5.06411314 0.07579098 0.91117812 -0.02884080 0.40395343
698.00000000 1.86920564 0.02378812 0.18679262 -0.08242553 0.90647597 0.07146948 -0.40792089
698.00000000 1.81864711 -0.79503579 4.14135469 -0.09721919 0.84527255 0.05759027 -0.52225101
698.00000000 -0.61484164 0.85917135 -3.12781770 0.14033888 -0.14739257 -0.00153007 0.97907001
698.00000000 1.90130165 0.80045141 -3.75213532 -0.08551158 0.79470191 0.05620152 -0.59831266
698.00000000 -0.61801696 -0.29959297 1.65914041 -0.05738317 0.93767823 0.09300098 -0.32987503
698.00000000 0.85156768 -0.35221082 1.78649930 0.02802657 0.98546250 0.04113221 0.16243864
698.00000000 4.73455916 0.67267036 -2.52656827 -0.01895773 0.98356949 0.08983094 -0.15544151
698.00000000 -1.42111721 -0.04594556 0.66333362 0.11416748 -0.40380417 -0.03633993 0.90696603
698.00000000 1.16809749 0.40717477 -1.64101447 0.10194481 -0.56344546 -0.06738966 0.81706493
698.00000000 -0.01540922 -0.34408364 0.86755082 0.08148833 0.86827450 0.03835799 0.48783984
698.00000000 -1.60775602 -0.53855498 2.17634291 0.07247553 0.86556466 0.04753871 0.49323948
698.00000000 0.59981254 -0.54233501 2.71181992 0.09381080 0.65643845 0.04144646 0.74737560
698.00000000 3.79803326 0.42085315 -0.71106654 -0.04439472 0.98964301 0.13291239 -0.03114660
698.00000000 0.69612377 0.73565484 -3.13656823 0.15443103 -0.36471236 -0.00048309 0.91822422
698.00000000 -0.72593396 0.08047795 -0.31978571 0.09741580 -0.50560009 -0.02996525 0.85672679
698.00000000 2.50482857 0.76604453 -2.75774951 0.09187790 0.08520936 0.01470289 0.99200889
698.00000000 2.58641055 -0.41915956 2.45670431 -0.08923412 0.85403921 0.10824394 -0.50093667
698.00000000 0.36851036 0.55298942 -1.90203842 -0.00287407 0.13971416 0.04271392 0.98926600
698.00000000 0.61451013 -0.23908350 1.01696020 -0.01071571 0.98462177 0.13651498 -0.10848412
698.00000000 -1.91470808 -1.32935662 5.63433074 0.18508790 0.67639055 -0.01127170 0.71281922
698.00000000 2.22493990 -0.22811760 2.00080024 0.16366174 -0.58241594 -0.00685219 0.79621577
698.00000000 -1.35434463 -0.43057511 1.80468389 0.15862434 -0.01306453 0.02159573 0.98701634
698.00000000 -2.27750978 -0.30658045 0.97813918 0.12185366 0.67066318 0.05533214 0.72958957
698.00000000 3.08649021 0.06932876 0.33549665 -0.06977863 0.92022679 0.08820454 -0.37487806
698.00000000 4.87690997 -0.98893340 5.30944900 -0.08000878 0.90688165 0.09828203 -0.40187674
698.00000000 1.65123461 -1.35530897 6.54808659 0.00060948 0.95761900 0.08897894 0.27394931
698.00000000 -0.79841678 0.54272159 -2.01596978 -0.00325388 0.09399353 0.05008982 0.99430661
698.00000000 -2.28923116 -0.05999422 -0.09720451 0.14251384 0.51822238 0.02624330 0.84287998
698.00000000 1.33350550 0.83120291 -3.12744357 0.04072740 -0.05691784 0.01091133 0.99748814
698.00000000 2.35797141 0.58361186 -1.68220548 0.13767115 -0.31743966 -0.02444564 0.93791318
698.00000000 -2.26333439 -1.04299282 4.42481043 0.13940121 0.48238974 0.01699152 0.86462635
698.00000000 2.77156217 -0.32134874 2.33251672 -0.08776975 0.78988008 0.09247127 -0.59986248
698.00000000 -0.10738435 -1.46102704 6.66479800 0.02654253 0.89605876 0.08037872 0.43579060
698.00000000 -1.00352945 0.78802296 -3.09996802 0.04630242 -0.34380265 -0.03311129 0.93731503
698.00000000 -0.07750767 -0.00501720 0.70426530 0.02420739 -0.68283563 -0.09445234 0.72403609
698.00000000 -1.98097176 -1.33492376 5.74798582 0.17140031 0.71503407 -0.01955963 0.67747003
698.00000000 -2.07136876 -1.14133659 4.94611157 0.15279155 0.76636211 -0.00767959 0.62392699
698.00000000 3.19885170 -1.60666900 7.43796635 -0.06701651 0.96447501 0.09707685 -0.23637434
698.00000000 -0.69934098 0.20980731 -0.91101053 0.06421729 -0.57462452 -0.08353057 0.81160671
698.00000000 -1.14716171 -0.40506333 1.68225955 0.14362634 -0.06518026 0.01592293 0.98735478
698.00000000 -2.10733688 -0.16713628 0.57393457 0.12474972 0.58552675 0.04928860 0.79947893
698.00000000 -0.69692795 -0.28680471 1.18565450 0.12657136 -0.42818987 -0.01487183 0.89465745
698.00000000 3.59439527 -1.62892963 7.51201046 -0.07950094 0.94991424 0.08920645 -0.28876418
698.00000000 2.91656636 -1.33513082 6.38911914 -0.07348568 0.93008349 0.07761526 -0.35145473
698.00000000 -1.79270416 0.56905209 -1.86025698 0.01585323 -0.62251875 -0.08591073 0.77771359
698.00000000 -0.36814094 1.33559381 -5.72819264 0.08707697 0.38541948 0.02520425 0.91827783
698.00000000 -2.80195375 -1.63916486 7.06285488 -0.04438333 0.97141812 0.04487285 -0.22883046
698.00000000 -5.72045893 0.21488911 -1.68545477 0.13449789 0.54241519 0.00792609 0.82923655
698.00000000 -2.40297356 0.74409261 -3.69395160 0.00070272 0.17159934 0.02496316 0.98485025
698.00000000 -3.77842170 1.41380080 -6.04459642 -0.00180438 0.86198355 0.15021649 0.48416538
698.00000000 -0.85956148 -0.25732669 0.84074162 0.07050399 0.55441420 0.06982649 0.82630403
698.00000000 3.57187889 -0.43251191 2.53290333 0.00468214 0.99017537 0.11860819 -0.07391154
698.00000000 -3.68486370 -1.55567290 6.98000654 0.09888510 0.88443542 -0.01445439 0.45583638
698.00000000 1.47351536 0.39558003 -1.12801001 0.11423802 -0.63010493 -0.07899527 0.76398770
698.00000000 -4.69017048 0.87497189 -4.52018757 -0.03609853 0.19867220 0.05302500 0.97796452
698.00000000 -3.97555421 -1.36561311 6.29775719 0.14312356 0.80736521 -0.02079653 0.57205294
698.00000000 -0.34822052 -0.25189317 1.53589624 -0.06145354 0.93488720 0.11907075 -0.32868153
698.00000000 -4.38272547 1.07305491 -4.97943897 -0.00800041 0.14563005 0.03726331 0.98860474
698.00000000 -3.98324283 -0.47466292 1.90295165 0.03172039 0.94457652 0.06559418 0.32010376
698.00000000 -1.29518495 -0.41173383 2.13153026 -0.04384343 0.93326709 0.11109152 -0.33874618
698.00000000 2.31551249 1.08725181 -4.12213314 -0.03630433 0.95945072 0.11189468 -0.25615598
698.00000000 3.08585052 -1.26372628 6.10319916 -0.06837476 0.91007880 0.08070068 -0.40071046
698.00000000 -3.20752431 -0.25725914 1.28974666 0.17358299 0.21910969 0.02463025 0.95981938
698.00000000 -2.91284239 -1.61447006 7.41878964 -0.01198762 0.99456072 0.04333896 0.09395219
698.00000000 -1.89923211 -0.17803097 0.25282049 0.08353652 0.45128147 0.06254650 0.88625878
698.00000000 3.00343717 0.24014053 -0.46789597 -0.05620449 0.94086912 0.09976912 -0.31882985
698.00000000 -2.90397616 1.27203694 -6.07294603 -0.02485589 0.92882655 0.15670386 0.33482431
698.00000000 -0.71671144 -0.33257061 1.80887138 -0.05768431 0.95916946 0.10980480 -0.25418374
698.00000000 -3.33375916 1.37272983 -5.98609279 0.04777677 -0.27338635 -0.03676967 0.96001316
698.00000000 3.31369174 -1.00512089 4.91652777 -0.10364951 0.84401572 0.07449775 -0.52090722
698.00000000 -3.15436431 -0.41535310 1.69491474 0.16996026 0.15601414 0.01357920 0.97292790
698.00000000 -2.24909744 -1.61342115 7.26936636 -0.03962658 0.99525494 0.05213955 0.07196391
698.00000000 2.50721956 0.55869513 -2.16079480 -0.07251271 0.91840673 0.06382894 -0.38366242
698.00000000 -4.17830636 -0.44447893 1.81319602 0.07010059 0.91867730 0.02472402 0.38795187
698.00000000 -0.17345710 -0.65920940 2.89430454 0.15776525 0.80494701 -0.01756767 0.57171830
698.00000000 -0.91135126 1.53859780 -6.57730564 0.13455664 -0.11436535 0.00101368 0.98428352
698.00000000 -1.53972281 1.73645506 -7.50923226 0.13519284 -0.37335238 -0.01983384 0.91757153
698.00000000 -3.04076442 -0.87504496 2.33470266 0.18732729 0.65712890 -0.04019292 0.72902306
698.00000000 7.34617055 -1.25926391 6.52992627 -0.05177359 0.96241289 0.07007133 -0.25723710
698.00000000 -1.34477212 1.49404189 -6.63353390 0.14333742 -0.39573036 -0.01986707 0.90689424
698.00000000 -3.49512650 1.82903465 -5.95185595 -0.03289136 0.98065726 0.19242947 -0.01415625
698.00000000 -8.23295976 0.45586126 -2.64213317 0.13446183 0.63722311 0.05850401 0.75660029
698.00000000 -2.79761723 -0.81280283 3.58113887 0.00155839 0.97681099 0.09680094 0.19096449
698.00000000 11.89001194 -2.18789877 11.15456540 -0.06016077 0.95627482 0.09585049 -0.26968839
698.00000000 -2.94730974 0.55788242 -1.76866650 0.09664706 0.30428445 0.05158067 0.94626093
698.00000000 -9.00174878 -0.04208427 -1.63545435 0.13285489 0.62118582 0.05804640 0.77013530
698.00000000 -7.84197344 2.20091506 -10.31299063 0.05940766 -0.06646387 0.01340196 0.99592855
698.00000000 1.25555049 0.00813357 -0.20704818 -0.08229733 0.84594109 0.09591855 -0.51808345
698.00000000 -7.56076655 1.91778861 -8.75172733 0.16758885 0.31974544 0.01754239 0.93239964
698.00000000 -3.63818454 -3.11000344 14.15009736 -0.07752320 0.91248058 0.08575932 -0.39244705
698.00000000 1.62264926 0.83926165 -3.16543615 -0.03074945 0.98879898 0.13505941 0.05558778
698.00000000 -5.96512948 1.35271565 -5.96733055 -0.00196596 -0.20489258 -0.07102231 0.97620233
698.00000000 -7.22758663 0.95392684 -4.31033113 0.01644030 -0.44718213 -0.06688881 0.89178683
698.00000000 -6.67710417 2.16241711 -9.97616296 0.13040975 -0.31241104 -0.01038569 0.94089573
698.00000000 -9.78575626 -0.16466734 0.00331872 0.20373777 0.53494743 0.00643716 0.81992727
698.00000000 -8.58356016 -0.43718568 1.05132790 0.05595181 0.88682990 0.07218019 0.45298140
698.00000000 -0.97986627 1.07686996 -5.05477758 0.12691746 -0.50845027 -0.04325405 0.85058766
698.00000000 -7.30878475 -0.97781499 2.78248638 -0.09992790 0.81125784 0.08699595 -0.56947944
698.00000000 -5.28936054 0.35917762 -2.75906282 0.12455702 0.06409896 0.00683740 0.99011622
698.00000000 -8.98188427 -0.71472811 2.14144158 0.06643383 0.87187338 0.06901784 0.48027064
698.00000000 -2.66855241 -0.44049408 0.24805219 -0.11340429 0.74867987 0.07813495 -0.64846962
698.00000000 -3.17812525 0.45427942 -1.86332498 0.10501728 0.23921732 0.04702854 0.96412383
698.00000000 -3.65230244 -1.64452375 4.82256483 -0.04623832 0.98485182 0.15642077 -0.05883405
698.00000000 4.55337818 1.09616063 -3.12289541 0.12686827 0.15004699 0.03455542 0.97989605
698.00000000 6.21903945 -0.26272861 1.57724272 -0.06557159 0.93383947 0.08248044 -0.34182039
698.00000000 -1.82689945 -2.39962993 10.04484261 -0.00338562 0.98078686 0.08450559 0.17579670
698.00000000 -0.99992420 0.19940370 -1.35902393 0.12956771 -0.67681709 -0.08078253 0.72014236
698.00000000 4.93200519 -0.77191057 2.90487260 -0.03174846 0.98941941 0.10011467 -0.10009160
698.00000000 -4.83885016 -1.85141606 7.83223141 -0.03989403 0.99385045 0.06197898 -0.08263389
698.00000000 -4.70020838 -1.59050919 6.68518853 -0.05152304 0.98403146 0.06180934 -0.15876732
698.00000000 4.41854782 0.74751269 -2.84699011 -0.01712229 0.98858265 0.12830472 0.07713025
698.00000000 5.89427972 0.98028162 -3.22608559 -0.09410170 0.82769448 0.09087722 -0.54571792
698.00000000 1.95772126 -1.86254284 8.75531544 0.02753075 0.89591288 0.09367512 0.43336722
698.00000000 -0.68050871 -0.30946757 1.22878826 -0.02565185 0.99915438 0.00611738 0.03154496
698.00000000 -5.04549687 0.23173738 -1.53136817 0.02781449 0.97414235 0.06983935 0.21306221
698.00000000 -3.22185585 3.06342190 -13.52202335 0.00080765 0.74604119 0.13547448 0.65197282
698.00000000 -3.18827022 1.26223940 -5.53950763 0.03176378 -0.47803864 -0.07422016 0.87462077
698.00000000 2.38935608 -1.34502910 6.01278773 -0.04417109 0.99547268 0.07146730 -0.04444647
