39.00000000 -0.00025098 -0.00010716 -0.00011309 -0.00001381 0.00057260 0.00001452 0.99999984
39.00000000 0.04293572 -0.01656172 0.08898155 -0.45639995 0.07903601 0.11610101 0.87861991
39.00000000 -0.02032714 0.16305886 -0.01427687 -0.67831317 0.13721528 0.19748601 0.69430720
39.00000000 0.01493835 0.02795824 0.01063469 0.13281148 0.08691910 -0.00651899 0.98730121
39.00000000 -0.30131838 -0.27335411 -0.41148740 -0.50876377 -0.11347597 0.16837707 0.83661926
39.00000000 0.00738818 -0.00095580 -0.02171813 0.26132761 0.08028776 -0.05299494 0.96044432
39.00000000 0.00932520 0.02049234 0.01691191 0.04371990 0.06461798 0.00684614 0.99692839
39.00000000 0.05736259 -0.26797459 -0.04129595 0.76248595 0.11485589 -0.23213219 0.59290635
39.00000000 -0.33317384 0.29202029 -0.36530283 0.68572015 0.17596209 -0.01550553 0.70610537
39.00000000 0.00967667 -0.00538866 -0.01377286 0.27084936 0.11085983 -0.05524577 0.95461962
39.00000000 -0.10539794 0.01742893 -0.07318068 0.77956722 0.12673414 -0.12509572 0.60047021
39.00000000 -0.05997560 0.17146680 -0.12995493 -0.63733996 0.00785617 0.19148549 0.74637079
39.00000000 -0.02833465 0.13950862 -0.03937338 0.34760095 0.02311250 -0.04157503 0.93643521
39.00000000 0.05348529 -0.08368574 -0.06149907 0.57805688 0.07711218 -0.19999845 0.78734019
39.00000000 -0.11948376 0.13719600 -0.15266827 0.81088848 0.10340103 -0.17652854 0.54827528
39.00000000 -0.03767946 0.24147326 -0.12196365 -0.64613141 -0.01759776 0.26760876 0.71455585
39.00000000 -0.49550006 0.58898598 -0.55161214 0.64612415 0.11397122 -0.25725287 0.70947523
39.00000000 0.07941241 0.05218611 0.05069029 -0.53254078 -0.03165449 0.22770880 0.81458395
39.00000000 -0.13541538 0.11183441 -0.26377445 0.71122258 0.09776774 -0.17208434 0.67453013
39.00000000 0.04351852 -0.58265531 -0.52576423 0.14589478 0.30286997 -0.02627734 0.94143189
39.00000000 0.03347772 0.15724112 0.01222199 -0.60862816 0.04230973 0.20685788 0.76484735
39.00000000 0.02046891 -0.06524196 0.15165460 -0.28269138 0.11686078 0.04101305 0.95118193
39.00000000 -0.00007075 -0.00062406 -0.00002313 -0.00747180 0.05251633 0.00030248 0.99859207
39.00000000 0.08294544 -0.22266468 0.01213856 0.64881688 0.16784852 -0.15969159 0.72481868
39.00000000 0.02160304 -0.33349440 -0.05659433 0.67309144 0.12863927 -0.22762407 0.69179992
39.00000000 0.00592565 0.13311784 0.00304126 0.16207027 0.10510414 -0.01025793 0.98111219
39.00000000 -0.29124203 -0.03701493 -0.89117587 -0.08237718 -0.08119344 -0.06603026 0.99109113
39.00000000 0.01818276 -0.01587699 -0.01879346 0.21548817 0.09467501 -0.04085241 0.97104715
39.00000000 -0.03223764 0.17408596 -0.12781398 -0.61480400 0.08495141 0.25660099 0.74091513
39.00000000 0.01080760 -0.10686797 0.13031295 -0.22780886 0.08822512 0.06507705 0.96751456
39.00000000 0.08364704 0.03455354 0.05421941 -0.48783806 -0.02636052 0.18708296 0.85224358
39.00000000 -0.12720078 -0.08743772 -0.19304214 0.74778651 0.14474408 -0.22433402 0.60789697
39.00000000 -0.04997325 0.19600716 -0.11848164 -0.62978590 0.04815106 0.24290136 0.73624054
39.00000000 -0.04985482 0.19554319 -0.11857424 -0.62971106 0.04839000 0.24281662 0.73631683
39.00000000 -0.07428002 0.04595221 -0.09869175 -0.22309659 0.04443996 0.15298957 0.96168976
39.00000000 -1.42497201 0.09552605 -0.98892718 -0.17836036 0.18601168 0.06693324 0.96390206
39.00000000 -0.04825187 -0.05870744 -0.16803773 -0.44627915 0.08551630 0.17505359 0.87342895
39.00000000 0.00441310 -0.11650204 -0.05183583 -0.37516688 0.14199184 0.14852894 0.90389561
39.00000000 -0.00143359 -0.18114797 0.02870031 -0.38939606 0.11658089 0.12618285 0.90490745
39.00000000 -0.05332212 0.19431581 -0.12730899 -0.67293844 0.03915721 0.26403097 0.68986101
39.00000000 -0.02535856 0.27499480 -0.03574080 0.76854067 -0.08088417 -0.22069648 -0.59505971
39.00000000 -0.37992488 0.35227276 -0.63428962 0.86650175 -0.00009052 -0.29378427 -0.40356600
39.00000000 0.00719519 -0.12771400 -0.09060987 -0.40660613 0.09237340 0.20122752 0.88636680
39.00000000 -0.12329637 -0.04924684 -0.20122304 -0.18045631 0.08656833 0.14446388 0.96905708
39.00000000 -0.15100608 0.13146331 -0.41230589 0.03140051 0.13083961 -0.06611308 0.98869817
39.00000000 -0.31882718 0.26510915 -0.44482740 0.84150291 -0.02103623 -0.29762938 -0.45038548
39.00000000 0.14909812 0.65611289 -0.05076601 0.05402489 0.10418768 -0.26967734 0.95577213
