18.00000000 -0.00001390 0.00009019 -0.00011459 0.00002505 -0.00004166 0.00000791 1.00000000
18.00000000 0.04546013 -0.02018691 0.25757590 0.00069565 0.72500509 0.01541558 0.68857061
18.00000000 0.07836873 -0.02054503 0.09961803 0.01146838 -0.01712882 -0.00204351 0.99978543
18.00000000 0.06551600 -0.03173510 0.29296649 -0.00455897 0.95522738 0.01609009 0.29539971
18.00000000 0.00588616 0.00005098 -0.00810530 -0.01059643 -0.01615928 -0.00654426 0.99979186
18.00000000 0.10807958 -0.02992426 0.05668938 0.03843483 -0.06245706 0.01398513 0.99720925
18.00000000 0.41995057 -0.03929329 0.20942210 0.01944967 0.97363700 0.01659262 0.22666582
18.00000000 0.16254421 -0.02812807 -0.01082630 0.01034782 -0.17445969 0.00087832 0.98460955
18.00000000 0.28306261 -0.02398115 0.16833852 0.00861031 0.60614261 -0.00961149 0.79525130
18.00000000 0.21664605 -0.03269693 -0.03269743 -0.00120931 -0.60686204 -0.00594826 0.79478401
18.00000000 0.38737723 -0.03721070 0.20293340 0.01423619 0.96749315 0.01034798 0.25228407
18.00000000 0.28103817 -0.03450203 0.25041288 0.00902062 0.95667267 -0.00305268 -0.29100980
18.00000000 0.19258684 -0.03707608 0.09415720 0.01023562 0.99986091 0.00130516 0.01310293
18.00000000 -0.01401506 -0.00077367 0.00915582 -0.00453230 0.11729114 0.00942538 0.99304250
18.00000000 0.14667009 -0.03060115 0.24429296 -0.00573230 0.88885951 -0.00795571 -0.45807491
18.00000000 0.22318862 -0.03596233 0.08322220 0.01605163 0.98972520 -0.00101977 0.14207512
18.00000000 0.16855165 -0.02845299 -0.01510397 -0.00189237 -0.22369774 -0.00051958 0.97465659
18.00000000 0.21460941 -0.02168561 0.09458822 -0.00603176 0.70877045 -0.00447858 0.70539919
18.00000000 0.15415600 -0.02954386 0.00604323 0.00903943 -0.12131318 0.00401344 0.99256501
18.00000000 0.12820596 -0.02228507 -0.07967185 -0.01596121 -0.43601577 -0.00662600 0.89977307
18.00000000 0.10070388 -0.02537110 0.21998654 -0.00324462 0.87573032 0.01185669 0.48264408
18.00000000 0.05856954 -0.02326292 0.23927327 0.00550661 0.99463148 -0.02764050 0.09956856
18.00000000 0.18555100 -0.02746626 0.03526908 0.02966918 0.98694096 -0.00179378 -0.15831635
18.00000000 0.04010917 -0.01727213 0.17889170 0.00283070 0.30836173 -0.02132511 0.95102590
18.00000000 0.00023577 -0.01405122 0.13010621 0.00683680 0.89660911 -0.01314035 0.44257507
18.00000000 0.30951214 -0.03153373 0.25314528 0.02334833 0.86281374 -0.00124210 0.50498095
18.00000000 0.09288794 -0.02661735 0.10881492 0.02198597 0.37748609 0.01292636 0.92566397
18.00000000 0.38827503 -0.03768720 0.00880410 0.01929069 -0.10619209 -0.00366586 0.99415173
18.00000000 0.11598644 -0.02955732 0.07697281 0.03101544 0.06161209 0.01419144 0.99751722
18.00000000 0.17029844 -0.02930336 -0.04507324 -0.02088235 -0.11975262 -0.00997012 0.99253405
18.00000000 0.23532353 -0.02255705 -0.01607850 0.00271715 0.28415526 -0.00202372 0.95877229
18.00000000 0.13719204 -0.02822193 0.04709914 -0.01151590 -0.70357571 0.01072835 0.71044599
18.00000000 0.25085175 -0.02626804 0.20263948 0.00602486 0.82742806 0.00186884 0.56153629
18.00000000 0.22361677 -0.02491394 0.20076422 0.00632471 0.83695451 0.00230825 0.54723105
18.00000000 0.02617527 0.00454026 -0.03263240 0.01357886 0.65995664 -0.03539155 0.75034678
18.00000000 0.43615408 -0.03456373 0.15520684 -0.00337694 0.76751340 -0.00138052 -0.64102252
18.00000000 0.20575170 -0.02500918 0.16123064 0.00093535 0.72408154 0.00122444 0.68971266
18.00000000 0.36503054 -0.03101890 0.25665232 0.00595590 0.99396779 -0.01850707 -0.10793538
18.00000000 0.10054086 -0.02164933 0.05053650 0.00161916 -0.06318052 -0.00537775 0.99798631
18.00000000 0.40797323 -0.03540221 0.07111591 0.02255092 0.90620143 0.00322565 -0.42223219
18.00000000 0.21027171 -0.02521603 0.17956527 0.00498957 0.76997708 -0.00191100 0.63804917
18.00000000 0.04268556 -0.01472048 0.12817357 0.00334642 0.10481391 -0.00933284 0.99444243
18.00000000 0.13070512 -0.02152802 0.15185198 0.03315907 -0.62367657 -0.01545806 0.78082588
18.00000000 0.18489735 -0.02280264 0.25029682 0.02236711 0.98295571 0.00814121 -0.18229511
18.00000000 0.31803413 -0.02690395 0.02708554 0.00214786 0.81865614 0.01350147 -0.57412126
18.00000000 0.13478390 -0.01219235 -0.07401674 -0.00614759 0.28853259 -0.00324836 0.95744483
18.00000000 0.08036014 -0.00522943 -0.04962890 0.01583121 0.12462939 0.00336572 0.99207135
18.00000000 0.26069092 -0.02686386 0.22718657 0.02034820 0.91575044 -0.00506178 0.40120004
18.00000000 0.22280020 -0.02298546 0.00354968 0.00306149 0.74316288 -0.00370903 -0.66909327
18.00000000 0.12468638 -0.00773369 -0.06519407 0.00046150 0.58740923 0.00245444 0.80928620
18.00000000 0.10024198 -0.01917193 0.21549255 0.02840800 0.99639970 0.00732913 -0.07954183
18.00000000 0.15176649 -0.02526349 0.19229237 -0.01360167 0.85427526 -0.00433166 -0.51962487
18.00000000 0.08791572 -0.02200803 0.11165093 0.00288330 -0.07988907 -0.00609679 0.99678094
18.00000000 0.25241607 -0.02558626 0.23598522 0.01366738 0.83684137 -0.00573321 0.54724478
18.00000000 0.04123729 -0.01508374 0.12045085 -0.01264171 0.06056344 -0.01233353 0.99800809
18.00000000 0.21178705 -0.02349867 -0.06520281 0.00719950 0.84954704 0.00764140 -0.52740838
18.00000000 0.09737286 -0.00398672 -0.19518008 0.02049582 -0.17616794 0.00730083 0.98411964
18.00000000 0.04134409 -0.01861844 0.27476744 -0.01464141 0.88851883 0.02677824 0.45782403
18.00000000 0.30295911 -0.02707439 0.24441427 0.01037598 0.98232989 0.01359618 -0.18637455
18.00000000 0.24437056 -0.02534777 0.19522829 0.00165804 0.68496403 0.00377054 0.72856525
18.00000000 0.41904597 -0.03392550 0.19900509 0.01070169 0.85313985 -0.00147840 -0.52157041
18.00000000 0.03059177 -0.00314236 -0.03678393 0.00872704 -0.08639026 -0.00962296 0.99617667
18.00000000 0.12474841 -0.02052106 0.22401989 0.02469219 0.98858897 -0.00555504 -0.14849676
18.00000000 0.08504991 -0.01946889 0.12331075 -0.00840413 -0.08025231 -0.01043759 0.99668450
18.00000000 0.28798518 -0.02951615 -0.01259510 0.00805267 0.89821819 0.00982498 -0.43936625
18.00000000 0.07626664 -0.00095661 -0.13311089 0.01177271 -0.12829249 -0.00583870 0.99164931
18.00000000 -0.00082571 0.01302058 -0.19842372 0.01055594 -0.12263673 -0.00999096 0.99234519
18.00000000 0.42008150 -0.05073359 0.16713469 0.03115490 0.99782131 0.01837996 0.05517409
18.00000000 -0.03125339 0.01142085 -0.10067350 0.00409478 -0.04690741 -0.01636738 0.99875675
18.00000000 0.31771185 -0.04496107 0.30313274 0.02672962 0.97247713 0.00320885 0.23143781
18.00000000 0.14466951 -0.02776821 0.33093327 0.02190489 0.96097790 -0.01039123 -0.27556067
18.00000000 0.49325912 -0.03496418 0.20268599 -0.00317352 0.86230572 -0.01086535 -0.50626151
18.00000000 0.17265530 -0.02828627 0.07175975 0.00099938 0.86120231 -0.00912586 0.50817940
18.00000000 0.47400584 -0.04158284 0.00073077 0.02414236 -0.19966699 -0.00929314 0.97952227
18.00000000 0.16270665 -0.02232446 0.20864750 -0.00256214 0.76708676 -0.01301430 0.64140625
18.00000000 0.09703903 -0.02462428 -0.01902434 -0.00405563 -0.62962880 0.01071449 0.77681164
18.00000000 0.19465611 -0.02818016 0.19829295 0.00285759 0.06309596 -0.01354621 0.99791144
18.00000000 0.19969651 -0.02995541 0.22240029 0.01106512 -0.12904862 -0.01412332 0.99147594
18.00000000 0.02805277 -0.02744459 0.42421194 0.00982918 0.98304250 0.01865043 0.18216198
18.00000000 0.03711815 0.01054790 -0.23938081 0.01626284 -0.21319562 -0.01913626 0.97668672
18.00000000 0.18560825 -0.02919930 0.24988597 0.02308376 -0.47140167 -0.00983107 0.88156166
18.00000000 0.10020610 -0.02990665 0.03763293 0.00333517 -0.07113336 0.00028728 0.99746120
18.00000000 0.16424378 -0.02981241 0.16620370 0.00904267 0.24530474 -0.01592464 0.96927304
18.00000000 0.15302593 -0.03044119 -0.05792900 -0.01794321 -0.20388685 -0.01153980 0.97876199
18.00000000 0.46241708 -0.04034209 0.25624498 -0.00054893 0.95875294 -0.01683497 -0.28374124
18.00000000 0.06419920 0.01072993 -0.26230554 -0.01956875 -0.17748243 -0.03198884 0.98340926
18.00000000 0.03969674 -0.02964602 0.33929186 0.00721982 0.99786262 -0.01252189 0.06372812
18.00000000 0.07708244 -0.02863098 0.31932269 0.01136810 0.99504481 0.00306268 -0.09872795
18.00000000 0.05005392 0.00938437 -0.24826340 0.01079936 -0.22894686 -0.02049326 0.97316326
18.00000000 0.09910806 -0.00563647 -0.09780202 0.02034142 0.30445357 -0.00267489 0.95230620
18.00000000 0.34274855 -0.03628638 0.27417262 0.01181413 0.90740712 -0.00271133 0.42007783
18.00000000 0.25926125 -0.02867809 -0.06568120 -0.00667163 -0.64131703 0.00440574 0.76723435
18.00000000 -0.07208796 0.01104634 -0.18005589 0.00299862 0.64156416 -0.03843464 0.76610000
18.00000000 0.32103378 -0.04258167 0.27875762 0.01011925 0.96326393 0.00414057 0.26833387
18.00000000 0.43879552 -0.04072920 -0.02934583 0.01678723 -0.10401527 -0.01458274 0.99432709
18.00000000 0.46146181 -0.04556577 0.17223126 0.03932087 0.99693043 0.00936504 -0.06705142
18.00000000 0.38893538 -0.04612226 0.33415017 0.00365714 0.99661489 -0.00329730 0.08206410
18.00000000 0.15065307 -0.02391465 0.05313865 0.03757418 0.96163008 -0.01227575 -0.27148678
18.00000000 0.09896364 -0.01442971 -0.10404357 0.00855439 -0.35559192 0.01398873 0.93449747
18.00000000 0.15975949 -0.00981827 -0.11952564 0.00983533 -0.36063074 0.01252126 0.93257276
18.00000000 0.24830637 -0.02800756 0.16511880 0.01162734 0.65262591 -0.00003623 0.75759107
18.00000000 0.10455295 -0.02058770 0.07106249 0.00750352 -0.08556445 0.01192104 0.99623306
18.00000000 0.33641961 -0.03001506 -0.08833015 0.01318074 0.16196330 -0.00431460 0.98669932
18.00000000 0.36309374 -0.03881979 0.32794669 0.02271918 0.94335894 0.01742034 0.33053636
18.00000000 0.31934346 -0.02939558 -0.07589583 0.01879753 0.19051125 -0.00864961 0.98146691
18.00000000 -0.09333147 0.00975992 0.08597898 0.03267683 0.70694059 0.00851208 0.70646640
18.00000000 0.23539046 -0.02488318 0.16873463 0.01631450 0.64577273 -0.00030713 0.76335530
18.00000000 0.48803770 -0.04033025 0.24311425 0.02178969 0.98763283 0.01732772 0.15429307
18.00000000 0.23409006 -0.02536160 0.15804051 0.00897112 0.67879710 -0.00097550 0.73427043
18.00000000 0.41000123 -0.04089870 0.23645358 0.01800843 0.92714672 0.00340823 0.37424997
18.00000000 0.17225265 -0.03301646 0.26818599 0.00048386 0.96228135 0.00374826 0.27203000
18.00000000 -0.00724792 -0.02280402 0.25039374 0.01217577 0.96654542 -0.01591193 0.25571176
18.00000000 0.41873055 -0.02940933 0.23058743 0.01067813 0.87572896 0.02348392 -0.48211334
18.00000000 0.13757100 -0.02206586 0.01868363 0.00518500 -0.14050752 0.00780955 0.99003523
18.00000000 0.00273641 -0.01842314 0.25074276 -0.01900398 0.61125364 0.00705300 0.79117514
18.00000000 -0.05008615 0.01986784 -0.03190496 0.01282014 0.76028599 -0.03866648 0.64830992
18.00000000 0.20953675 -0.02628833 0.05752303 0.01810490 0.33872723 -0.00851104 0.94067191
18.00000000 0.23298736 -0.02257658 0.25935788 0.01954284 0.93887013 -0.01435367 -0.34341656
18.00000000 0.18682559 -0.01082749 -0.11819077 0.01373342 0.45706758 0.00233334 0.88932288
18.00000000 0.02960918 -0.02807490 0.33909718 0.00797101 0.92424923 0.00001531 0.38170645
18.00000000 0.46430153 -0.02920347 0.01151502 -0.00959277 -0.66714330 -0.00523063 0.74484927
18.00000000 0.26402360 -0.02753432 0.20558237 -0.00732991 0.43055930 -0.01085999 0.90246719
18.00000000 -0.14579179 0.01538892 0.07765523 0.02143318 0.77521468 0.01502409 0.63115536
18.00000000 0.03314916 -0.02012502 0.21262731 0.01402785 0.36144550 0.00015092 0.93228769
18.00000000 0.23882838 -0.02424405 0.21837583 -0.01793979 0.73402193 -0.00339964 -0.67888027
18.00000000 0.16432106 -0.00589542 -0.12512791 0.00724349 0.51538952 0.01819812 0.85673217
18.00000000 0.06280986 -0.01649539 0.10994335 0.01224166 0.25455037 -0.00442095 0.96697193
18.00000000 -0.07849447 0.01163521 0.00227363 0.00946618 0.47206544 0.01332967 0.88141189
18.00000000 -0.00117414 0.01117515 0.01088902 0.02593527 0.85480033 -0.04122895 0.51666617
18.00000000 0.37631772 -0.04040598 0.33593872 0.02083353 0.97193339 0.00709845 0.23422437
18.00000000 0.05571258 0.00867736 -0.17480570 0.01543150 -0.05111764 0.00436064 0.99856389
18.00000000 0.43040536 -0.04316403 0.25709976 0.01810192 0.95307067 0.01087444 0.30201053
18.00000000 0.52331371 -0.03800752 0.22387385 0.01134958 0.95263482 0.00489972 0.30386524
18.00000000 0.60080202 -0.03603991 0.08664297 0.01517705 0.94111826 0.01564984 -0.33737390
18.00000000 -0.03666538 -0.02333513 0.37130363 -0.01871789 0.80365417 0.01736533 0.59454862
18.00000000 -0.03068869 0.01492986 -0.34359404 0.01920308 -0.15393323 0.00378304 0.98788739
18.00000000 0.04648428 -0.03109944 0.01048592 -0.01424835 -0.06683062 -0.02218443 0.99741591
18.00000000 0.06449045 -0.02333173 0.30452870 0.01220784 0.99927379 -0.01145000 0.03423103
18.00000000 -0.16225567 0.01751079 0.04830478 -0.00454540 0.57134160 0.02730416 0.82024545
18.00000000 0.14189201 -0.02840652 0.32831856 0.00532394 0.73811601 -0.01935682 0.67437506
18.00000000 0.19446347 -0.02269918 -0.10673970 -0.00375305 0.74410194 -0.01273541 -0.66793415
18.00000000 0.45799161 -0.03460575 -0.06957530 0.02011322 -0.06397413 -0.00256162 0.99774556
18.00000000 0.29043273 -0.03247199 0.24832069 0.01437441 0.80554722 -0.00298221 0.59234970
18.00000000 0.51214026 -0.03677240 0.00884065 0.00457203 -0.68110187 -0.00688044 0.73214206
18.00000000 0.40781464 -0.03462884 0.26512760 0.01455937 0.80851723 0.00434135 0.58827635
18.00000000 0.32372492 -0.02744984 0.34966364 0.01433149 0.97168493 0.00363661 -0.23581727
18.00000000 -0.04433872 -0.01485556 0.19232681 0.00267048 0.93120847 -0.03655560 0.36263941
18.00000000 0.64873624 -0.04934381 0.21901874 -0.00746935 0.81850492 -0.00965638 -0.57436979
18.00000000 0.14144530 -0.02951531 -0.16956332 -0.00964580 0.02396739 -0.02173547 0.99942988
18.00000000 -0.03915711 -0.01373962 0.25989850 0.01657365 0.42753723 -0.00449660 0.90383462
18.00000000 0.20220115 -0.02746791 0.19732669 0.02342081 -0.32795525 -0.01489819 0.94428537
18.00000000 0.26559857 -0.02973089 -0.05714630 0.00247998 0.44399789 0.00818263 0.89598703
18.00000000 0.01297743 0.01116018 -0.39462365 0.01207180 -0.17341912 -0.03002666 0.98431625
18.00000000 -0.15828951 0.01994674 0.00752720 0.01721782 0.33877310 0.01995566 0.94049886
18.00000000 0.33340913 -0.03423598 0.29128916 0.02168516 0.87928996 -0.00347334 0.47578027
18.00000000 -0.08746628 0.02079166 -0.18695260 0.02214431 -0.05140690 -0.01165818 0.99836419
18.00000000 0.04296125 -0.00657316 -0.15751138 0.00615527 -0.00147917 0.01436944 0.99987671
18.00000000 0.40202867 -0.03492194 0.33415540 -0.00259113 0.90425445 0.01157563 -0.42682922
18.00000000 0.26565558 -0.02876120 0.24771892 -0.01170669 0.57441903 -0.00106663 0.81847700
18.00000000 -0.05365830 0.01594792 -0.02365674 0.00858969 0.80492919 -0.02835049 0.59263097
18.00000000 -0.06133082 -0.01610570 0.31724008 -0.00723301 0.40386311 -0.01862676 0.91460118
18.00000000 -0.03753805 -0.01078096 0.17297153 0.00589703 0.23211040 -0.00233996 0.97266876
18.00000000 0.42168729 -0.03524306 0.32218826 0.00520473 0.87188984 -0.00287948 -0.48966593
18.00000000 0.62731450 -0.04079500 0.16548099 0.00474835 -0.65128884 -0.00669727 0.75878550
18.00000000 0.44846898 -0.03831438 0.32140218 0.01532901 0.99745119 0.02363942 0.06555390
18.00000000 0.42936515 -0.04000969 0.37137489 0.01499087 0.99737390 0.01947255 0.06812785
18.00000000 0.63074351 -0.04502460 -0.01910686 0.02105782 -0.39125113 -0.00152315 0.92004174
18.00000000 0.41749009 -0.03815978 0.28913676 0.01707227 0.85282341 0.00100735 0.52191930
18.00000000 0.27906298 -0.03603129 -0.15977198 0.00443395 -0.64824494 -0.00960622 0.76135837
18.00000000 -0.00976628 0.03671391 -0.43739392 0.03995780 0.25969451 -0.02278534 0.96459471
18.00000000 0.50654973 -0.04644063 -0.03037839 -0.00123016 0.77217503 0.01875101 -0.63513196
18.00000000 0.60652999 -0.04220610 -0.11005214 0.01776759 -0.30516866 0.00770464 0.95210138
18.00000000 0.06172706 -0.03586462 0.19098797 0.03270429 0.50409723 0.01347180 0.86292231
18.00000000 0.42496360 -0.03608373 -0.06849454 -0.00009628 0.92244024 0.02785719 -0.38513370
18.00000000 0.64160841 -0.04774979 0.11607097 -0.00707419 -0.58512491 0.00286886 0.81090725
18.00000000 0.04346962 -0.00619023 -0.12577763 0.01907049 0.42134243 -0.00664904 0.90667671
18.00000000 0.23330766 -0.03065134 0.38737818 0.02520112 0.96734216 -0.01162374 -0.25195026
18.00000000 0.00547526 0.03478905 -0.52717061 0.02148797 -0.21276661 -0.01324551 0.97677694
18.00000000 -0.14663953 -0.01001328 0.18652025 0.00847744 0.92609497 -0.02166508 0.37657252
18.00000000 -0.01651423 -0.02603453 -0.06111679 -0.01237621 -0.29602762 0.01405504 0.95499578
18.00000000 0.12745499 -0.02924681 0.30975183 -0.00943749 0.98145434 -0.00534859 -0.19138890
18.00000000 0.62326182 -0.04172511 0.07595093 0.02908505 0.94459786 0.01458230 -0.32661338
18.00000000 0.15495764 -0.04058181 -0.06563948 0.01781523 0.78572819 -0.00871638 -0.61825388
18.00000000 0.46614327 -0.03932186 0.27256403 0.02043654 0.92458307 -0.00077142 0.38043121
18.00000000 -0.03000805 0.04178855 -0.36405073 0.02294793 0.43694408 -0.00304583 0.89919074
18.00000000 0.35851047 -0.04291191 -0.11117992 0.00773317 0.74656943 0.00669527 -0.66522887
18.00000000 -0.04715436 -0.03736757 0.01628283 0.01327195 -0.04064432 0.01060316 0.99902926
18.00000000 -0.09591662 0.03369527 -0.28302763 0.02340615 0.62365118 -0.04180294 0.78023322
18.00000000 0.18546546 -0.04205144 0.38135243 -0.00277967 0.57549562 -0.01816149 0.81759845
18.00000000 0.42492850 -0.04302109 -0.10070206 0.01984416 0.13838190 0.00169848 0.99017866
18.00000000 0.44951538 -0.03851772 0.35135830 0.00689902 0.94645646 0.01561056 -0.32238002
18.00000000 -0.28315041 0.02661886 0.06642299 0.00363599 0.66788396 0.01813502 0.74403556
18.00000000 -0.14303022 0.02364709 -0.27688462 0.02197706 -0.05685369 -0.01119064 0.99807787
18.00000000 0.36454744 -0.03914196 0.35100058 0.01652192 0.93145196 -0.00339410 0.36347318
18.00000000 0.07866552 -0.03821703 -0.11627323 0.00543745 -0.10974487 0.00147567 0.99394382
18.00000000 0.07310805 -0.03481926 0.16200178 0.03792270 0.61748438 0.01446198 0.78553533
18.00000000 -0.07318051 0.03589623 -0.38860005 0.02178615 0.59059392 -0.01362545 0.80655969
18.00000000 0.51532385 -0.04767000 0.36635522 0.00498868 0.99955359 -0.01893180 -0.02256795
18.00000000 0.53080020 -0.04761372 0.35269803 0.00461591 0.99969881 -0.01762479 -0.01644214
18.00000000 0.18327165 -0.04445972 0.34873586 -0.00466197 0.53997661 -0.02145772 0.84139354
18.00000000 0.00276019 -0.02643896 0.11205435 -0.00933091 -0.56669488 0.00578985 0.82385455
18.00000000 0.32970496 -0.03522216 -0.15194228 0.00070506 0.35218228 0.00364327 0.93592407
18.00000000 0.22399314 -0.03998276 -0.14013742 0.02261853 0.83697858 -0.01460647 -0.54657288
18.00000000 0.33946151 -0.03552588 0.27173947 -0.00348470 0.71997648 0.01084389 0.69390500
18.00000000 -0.04829869 0.03027192 -0.36928945 0.01724669 0.64407627 -0.02133064 0.76446930
18.00000000 0.20779182 -0.03151147 0.24905073 -0.00953921 0.67527694 -0.00605390 0.73747773
18.00000000 0.62957807 -0.04626918 0.25997198 -0.00061493 0.93366764 -0.00870690 -0.35803429
18.00000000 0.31409153 -0.03734701 0.28075195 -0.00297424 0.57465818 0.00012545 0.81838812
18.00000000 -0.11993270 0.00637034 0.06384710 0.01289275 0.88682365 -0.01062233 0.46180597
18.00000000 0.14869979 -0.03055519 0.25064411 -0.00392315 0.92180943 0.00197052 0.38761850
18.00000000 0.16363265 -0.03062617 -0.20834489 -0.01996528 -0.59443960 -0.01047662 0.80382411
18.00000000 0.14077198 -0.03555186 0.16423192 0.02160645 0.48378523 -0.00784041 0.87488488
18.00000000 0.46989114 -0.04082197 -0.09176851 0.01152552 0.86686933 0.02021381 -0.49799209
18.00000000 0.22201154 -0.03214023 0.19800647 0.01916179 0.70269488 0.00040628 0.71123313
18.00000000 0.03093155 -0.00857294 -0.24169685 -0.01073478 -0.13053646 0.00672826 0.99136256
18.00000000 0.16819106 -0.02298247 0.32895559 0.01807589 0.96598377 -0.00079314 -0.25796898
18.00000000 -0.04263666 -0.01786845 0.28606255 0.00328066 0.99015830 -0.01622761 0.13896918
18.00000000 0.09856223 -0.03095821 0.14333088 0.02201616 0.55771980 0.00702686 0.82970750
18.00000000 -0.24533498 0.03038392 -0.02213691 0.01983094 0.43505688 0.00955711 0.90013383
18.00000000 -0.15142426 -0.01596950 0.14273058 0.00025091 0.31229008 -0.01989135 0.94977849
18.00000000 0.06633919 -0.02368620 0.12742881 0.02870959 0.60009793 0.01061749 0.79934067
18.00000000 0.20926405 -0.02657542 -0.07149596 0.02709151 0.93928810 -0.00526152 -0.34201789
18.00000000 0.07372945 0.00150658 -0.20265011 0.01653435 0.41855986 0.01116356 0.90797006
18.00000000 -0.07641011 0.02727094 -0.29538782 0.00598895 0.65174081 -0.03498901 0.75761060
18.00000000 0.60898303 -0.04722291 -0.01985069 0.02427292 0.85286846 0.00014299 -0.52156130
18.00000000 -0.12657115 0.02882770 -0.13104575 0.02302191 0.72357929 -0.03117754 0.68915235
18.00000000 0.28250465 -0.04147689 0.27647618 0.00555531 0.54149214 -0.00499968 0.84067259
18.00000000 -0.22373403 0.02436100 -0.02151353 0.02058362 0.24610536 0.01815650 0.96885438
18.00000000 0.55463571 -0.05022608 0.02367667 0.00400167 -0.30451590 -0.00300823 0.95249410
18.00000000 0.05285817 -0.02690889 0.36207031 0.00058538 0.83029245 -0.00028057 0.55732757
18.00000000 0.21000348 -0.03052056 0.34170330 0.02372138 0.95716193 -0.01178433 -0.28833915
18.00000000 0.18885346 -0.03381047 0.39325257 0.02209173 0.95833485 -0.01050492 -0.28459783
18.00000000 -0.34995134 0.03727431 0.06000706 0.00864096 0.73603803 0.01008775 0.67680986
18.00000000 -0.25357860 0.02141724 -0.15497171 0.01031243 -0.01755139 -0.00033909 0.99979272
18.00000000 0.24027645 -0.03131284 -0.27492003 -0.01978839 0.81436838 0.00475781 -0.57999132
18.00000000 -0.06247841 -0.03220854 -0.07110521 0.02711403 0.19049154 0.00530648 0.98129998
18.00000000 0.19350822 -0.02671440 0.28954734 -0.00608317 0.80228684 0.00066798 0.59690734
18.00000000 -0.17667544 0.02013189 0.01969399 0.01230565 0.88373562 -0.03001789 0.46686064
18.00000000 0.21453405 -0.02708817 0.03952471 0.00784416 0.91367609 -0.00880552 0.40627199
18.00000000 0.42850336 -0.03820383 -0.16539274 0.00353991 0.82938592 0.01040138 -0.55856806
18.00000000 0.09999716 -0.02928613 0.14530491 0.00618411 0.15245407 -0.01215426 0.98821647
18.00000000 -0.19416387 0.00901710 0.13040453 0.00494922 0.88548972 -0.01124164 0.46449660
18.00000000 -0.07679492 -0.02284576 0.00030142 0.02990969 0.30683424 0.00739582 0.95126414
18.00000000 0.32192035 -0.02908681 -0.06239847 0.00073820 0.33840112 -0.00836275 0.94096451
18.00000000 0.52969894 -0.03314404 0.41873344 0.00561571 0.99809296 -0.01539019 0.05951506
18.00000000 0.12736238 -0.02505083 0.30358428 -0.00137364 0.86866877 -0.01155898 0.49525657
18.00000000 0.68329393 -0.03519474 0.13233250 0.01566520 0.98549720 0.00680671 -0.16882994
18.00000000 0.55748897 -0.04145308 -0.16756411 0.00329343 0.04085762 -0.00553192 0.99914424
18.00000000 0.13566583 -0.03281523 0.32193488 -0.00465447 0.95252857 0.00039681 -0.30441337
18.00000000 0.29707901 -0.02665583 0.40733429 -0.01072104 0.51783019 -0.00463846 0.85540367
18.00000000 0.00710717 0.04181024 -0.60303236 0.02431063 0.04286053 -0.02200816 0.99854274
18.00000000 0.31741016 -0.02926146 0.33197292 0.01259302 0.86389803 0.00372767 0.50349549
18.00000000 0.39276620 -0.02995232 0.31870625 0.01814771 0.76296178 -0.01102740 0.64609471
18.00000000 0.19109230 -0.02935303 -0.30382055 -0.00404290 0.82939977 0.00870136 -0.55857315
18.00000000 -0.08286194 0.04052839 -0.47259990 0.01015958 0.47854084 -0.01929951 0.87779438
18.00000000 0.46018295 -0.02968722 0.39192426 0.02729281 0.99759641 0.00771675 -0.06322151
18.00000000 -0.18187166 -0.02128078 0.22215175 -0.00409858 0.94848965 -0.01751366 0.31629709
18.00000000 0.00956221 0.04028538 -0.65535339 0.02079601 -0.07408707 -0.01209458 0.99696156
18.00000000 0.02401204 -0.03889632 -0.00484962 -0.00417468 -0.40345537 0.01594872 0.91485079
18.00000000 -0.19279666 -0.01329454 0.22368278 0.01602693 0.35945896 -0.00932868 0.93297662
18.00000000 0.68227325 -0.03446495 0.07767419 0.02182111 0.94403689 0.01681877 -0.32868726
18.00000000 0.42727260 -0.03158840 0.41653063 0.01854656 0.97214690 0.01085424 0.23338514
18.00000000 0.09711714 -0.02074206 -0.28851440 -0.00090410 0.18946401 -0.01227429 0.98181053
18.00000000 -0.01427756 -0.01303112 -0.38406123 0.01261151 -0.21283667 0.01868296 0.97682775
18.00000000 0.10588274 -0.01744429 -0.16463868 0.01539850 -0.22037124 0.01644283 0.97515590
18.00000000 -0.08998259 0.01001418 0.00027338 0.01050021 0.83206138 -0.02736403 0.55390867
18.00000000 0.64533829 -0.04611160 0.08605145 0.01563950 -0.43631900 -0.00046870 0.89965600
18.00000000 0.58667688 -0.05021133 0.35094493 0.00345757 0.97890307 -0.01747286 -0.20354734
18.00000000 0.17695705 -0.02831879 -0.16880011 -0.01124497 0.14072671 -0.00112605 0.98998398
18.00000000 -0.03083230 0.01180483 -0.24316374 0.01995546 -0.03877242 -0.00200201 0.99904678
18.00000000 0.34015811 -0.04244939 0.30575038 0.01798254 0.76628180 -0.00546088 0.64222972
18.00000000 0.41899064 -0.03279019 0.23725874 0.00581091 0.87194960 -0.00360886 0.48954786
18.00000000 0.44626925 -0.03847139 -0.12370074 0.00506656 0.10846479 0.00035064 0.99408732
18.00000000 0.15014493 -0.03700180 0.31319951 -0.00542444 0.99526643 -0.00334333 -0.09697492
18.00000000 0.25230161 -0.03632827 0.26595726 0.00401921 -0.24513300 0.00030078 0.96948108
18.00000000 0.12634185 -0.01930328 -0.16433277 0.00296101 -0.62628129 -0.01125858 0.77951025
18.00000000 0.37790580 -0.04254787 0.35355211 0.02067278 0.92115940 -0.00611391 -0.38858797
18.00000000 -0.09318331 0.01419130 -0.09926230 0.01525080 0.67929197 -0.02611564 0.73324471
18.00000000 0.30064236 -0.03229558 -0.06251027 0.00107159 0.83354845 0.00871672 -0.55237656
18.00000000 0.64520463 -0.04361436 0.10878360 0.01088892 -0.49021545 0.00163782 0.87153173
18.00000000 0.32967924 -0.02565434 -0.09886195 -0.00848912 0.39366855 0.00293993 0.91920855
18.00000000 0.19812103 -0.02589299 0.28961324 -0.00691829 0.66440807 -0.03017322 0.74672862
18.00000000 -0.05173538 -0.00753491 0.07363126 0.01285687 0.90787495 -0.02715247 0.41816327
18.00000000 0.30563163 -0.04061982 0.27797361 0.00295392 0.59496228 -0.01561645 0.80359647
18.00000000 -0.01835817 -0.02723477 0.31805389 -0.00963997 0.50811588 0.00053204 0.86123460
18.00000000 -0.08752454 0.01898840 -0.16500611 0.01762801 0.63866735 -0.04033131 0.76822305
18.00000000 -0.06037634 0.00193427 0.04705827 0.01734530 0.87552324 -0.03496415 0.48159704
18.00000000 0.00464132 -0.03590070 0.48145155 0.00819588 0.96374328 0.01034695 0.26650452
18.00000000 -0.06795258 0.01310607 -0.19860185 0.00973475 0.61476530 -0.03693229 0.78778479
18.00000000 0.27444459 -0.03957589 0.25286110 0.00785110 0.53844420 -0.01024811 0.84256227
18.00000000 -0.00664453 -0.02063531 0.18379311 0.01315024 0.34137124 -0.01356624 0.93973864
18.00000000 -0.01392321 0.02594885 -0.31507190 0.02319643 0.64316630 -0.02702225 0.76489793
18.00000000 -0.13091067 0.00621591 0.14693183 0.03233440 0.65055767 -0.00235874 0.75876455
18.00000000 -0.03514547 -0.02754319 0.31683520 0.00032724 0.98771051 -0.02886893 0.15360479
18.00000000 0.13022787 -0.01563069 -0.03583282 0.02639118 0.86991801 -0.01247972 -0.49233161
18.00000000 -0.05115246 -0.03345688 0.43786452 0.00531778 0.85795077 0.02499591 0.51309590
18.00000000 0.19747170 -0.01954894 -0.11737380 -0.01443485 0.77441363 0.01507055 -0.63233539
18.00000000 0.14343168 -0.02434310 -0.05712915 -0.00603356 0.78387251 0.01956195 -0.62058425
18.00000000 0.10739838 -0.03322106 0.14913317 0.02086804 0.96972778 0.01569725 0.24278831
18.00000000 0.05448951 0.00580393 -0.43106284 0.01657732 0.14343758 -0.02337956 0.98924428
18.00000000 0.14104131 -0.02527708 0.14449627 0.00058490 -0.08389837 0.00107423 0.99647357
18.00000000 0.35066439 -0.03606181 0.37790582 0.01003889 0.84659253 0.01015382 -0.53205000
18.00000000 0.40817656 -0.03598227 0.08725640 0.01321213 0.79685027 0.00108855 -0.60403138
18.00000000 0.04952906 -0.03150477 0.34956930 0.00216478 0.99786338 0.00600478 0.06502256
18.00000000 -0.01473115 -0.01644145 0.02996003 0.00657182 -0.08497836 -0.01260814 0.99628135
18.00000000 0.76744026 -0.04541910 0.02385372 -0.00505487 0.34015977 -0.02012169 0.94013877
18.00000000 0.15990688 -0.02746754 0.32621399 0.00613463 0.36767651 -0.01089881 0.92986965
18.00000000 0.31234097 -0.02775612 0.20680315 0.02320391 0.93746536 0.00049547 0.34730396
