18.00000000 -0.00001390 0.00009019 -0.00011459 0.00002505 -0.00004166 0.00000791 1.00000000
18.00000000 0.04546013 -0.02018691 0.25757590 0.00069565 0.72500509 0.01541558 0.68857061
18.00000000 0.07836873 -0.02054503 0.09961803 0.01146838 -0.01712882 -0.00204351 0.99978543
18.00000000 0.06551600 -0.03173510 0.29296649 -0.00455897 0.95522738 0.01609009 0.29539971
18.00000000 0.00588616 0.00005098 -0.00810530 -0.01059643 -0.01615928 -0.00654426 0.99979186
18.00000000 0.10807958 -0.02992426 0.05668938 0.03843483 -0.06245706 0.01398513 0.99720925
18.00000000 0.41995057 -0.03929329 0.20942210 0.01944967 0.97363700 0.01659262 0.22666582
18.00000000 0.16254421 -0.02812807 -0.01082630 0.01034782 -0.17445969 0.00087832 0.98460955
18.00000000 0.28306261 -0.02398115 0.16833852 0.00861031 0.60614261 -0.00961149 0.79525130
18.00000000 0.21664605 -0.03269693 -0.03269743 -0.00120931 -0.60686204 -0.00594826 0.79478401
18.00000000 0.38737723 -0.03721070 0.20293340 0.01423619 0.96749315 0.01034798 0.25228407
18.00000000 0.28103817 -0.03450203 0.25041288 0.00902062 0.95667267 -0.00305268 -0.29100980
18.00000000 0.19258684 -0.03707608 0.09415720 0.01023562 0.99986091 0.00130516 0.01310293
18.00000000 -0.01401506 -0.00077367 0.00915582 -0.00453230 0.11729114 0.00942538 0.99304250
18.00000000 0.14667009 -0.03060115 0.24429296 -0.00573230 0.88885951 -0.00795571 -0.45807491
18.00000000 0.22318862 -0.03596233 0.08322220 0.01605163 0.98972520 -0.00101977 0.14207512
18.00000000 0.16855165 -0.02845299 -0.01510397 -0.00189237 -0.22369774 -0.00051958 0.97465659
18.00000000 0.21460941 -0.02168561 0.09458822 -0.00603176 0.70877045 -0.00447858 0.70539919
18.00000000 0.15415600 -0.02954386 0.00604323 0.00903943 -0.12131318 0.00401344 0.99256501
18.00000000 0.12820596 -0.02228507 -0.07967185 -0.01596121 -0.43601577 -0.00662600 0.89977307
18.00000000 0.10070388 -0.02537110 0.21998654 -0.00324462 0.87573032 0.01185669 0.48264408
18.00000000 0.05856954 -0.02326292 0.23927327 0.00550661 0.99463148 -0.02764050 0.09956856
18.00000000 0.18555100 -0.02746626 0.03526908 0.02966918 0.98694096 -0.00179378 -0.15831635
18.00000000 0.04010917 -0.01727213 0.17889170 0.00283070 0.30836173 -0.02132511 0.95102590
18.00000000 0.00023577 -0.01405122 0.13010621 0.00683680 0.89660911 -0.01314035 0.44257507
18.00000000 0.30951214 -0.03153373 0.25314528 0.02334833 0.86281374 -0.00124210 0.50498095
18.00000000 0.09288794 -0.02661735 0.10881492 0.02198597 0.37748609 0.01292636 0.92566397
18.00000000 0.38827503 -0.03768720 0.00880410 0.01929069 -0.10619209 -0.00366586 0.99415173
18.00000000 0.11598644 -0.02955732 0.07697281 0.03101544 0.06161209 0.01419144 0.99751722
18.00000000 0.17029844 -0.02930336 -0.04507324 -0.02088235 -0.11975262 -0.00997012 0.99253405
18.00000000 0.23532353 -0.02255705 -0.01607850 0.00271715 0.28415526 -0.00202372 0.95877229
18.00000000 0.13719204 -0.02822193 0.04709914 -0.01151590 -0.70357571 0.01072835 0.71044599
18.00000000 0.25085175 -0.02626804 0.20263948 0.00602486 0.82742806 0.00186884 0.56153629
18.00000000 0.25079051 -0.02619997 0.20270878 0.00602616 0.82737336 0.00182023 0.56161703
18.00000000 0.06153960 0.00299374 -0.03740889 0.01378094 0.64686693 -0.03565771 0.76164413
18.00000000 0.46477285 -0.03595076 0.16453566 -0.00285669 0.77847570 -0.00185927 -0.62766549
18.00000000 0.23430226 -0.02634243 0.16258160 0.00055252 0.71205493 0.00069995 0.70212319
18.00000000 0.39018701 -0.03226136 0.26345812 0.00645431 0.99567188 -0.01902623 -0.09074060
18.00000000 0.13298033 -0.02310382 0.04831358 0.00106543 -0.08042101 -0.00541925 0.99674568
18.00000000 0.43951455 -0.03689166 0.07952226 0.02286291 0.91336212 0.00308114 -0.40649407
18.00000000 0.23818592 -0.02652663 0.18106173 0.00469851 0.75883396 -0.00238863 0.65126280
18.00000000 0.07247838 -0.01606365 0.12389605 0.00288170 0.08760681 -0.00945115 0.99610613
18.00000000 0.15962545 -0.02285834 0.15061070 0.03285175 -0.63709044 -0.01456980 0.76995082
18.00000000 0.21038304 -0.02401728 0.25087103 0.02244897 0.98596171 0.00791698 -0.16526604
18.00000000 0.35115280 -0.02843203 0.03239932 0.00237292 0.82846358 0.01307578 -0.55988524
18.00000000 0.17150940 -0.01381374 -0.07499390 -0.00667194 0.27194232 -0.00364525 0.96228352
18.00000000 0.11627708 -0.00680861 -0.05251028 0.01514890 0.10746705 0.00344884 0.99408724
18.00000000 0.28692897 -0.02812334 0.23039900 0.02027723 0.90867481 -0.00534064 0.41697770
18.00000000 0.25679003 -0.02452475 0.00558151 0.00363630 0.75461171 -0.00405745 -0.65614897
18.00000000 0.16111412 -0.00934172 -0.06653114 -0.00003429 0.57333754 0.00199587 0.81931684
18.00000000 0.12698185 -0.02041438 0.21315748 0.02843865 0.99762681 0.00718940 -0.06229202
18.00000000 0.17927582 -0.02654605 0.19175950 -0.01309704 0.86312595 -0.00505572 -0.50479353
18.00000000 0.11825071 -0.02338146 0.10895563 0.00234073 -0.09710683 -0.00610550 0.99525248
18.00000000 0.27835532 -0.02683278 0.23890480 0.01350668 0.82725404 -0.00609307 0.56163262
18.00000000 0.07129775 -0.01643654 0.11612836 -0.01305938 0.04330119 -0.01269973 0.99889598
18.00000000 0.24815921 -0.02512411 -0.06350979 0.00749857 0.85853830 0.00727891 -0.51264293
18.00000000 0.13830974 -0.00575634 -0.19738807 0.01971652 -0.19314588 0.00765757 0.98094204
18.00000000 0.06607092 -0.01977295 0.27036086 -0.01529669 0.88049303 0.02590113 0.47310375
18.00000000 0.32857653 -0.02832018 0.24907734 0.01036792 0.98541131 0.01316476 -0.16936277
18.00000000 0.27172311 -0.02664506 0.19789391 0.00120187 0.67227340 0.00327890 0.74029472
18.00000000 0.44616158 -0.03525282 0.20771570 0.01115450 0.86202345 -0.00178195 -0.50674251
18.00000000 0.06609506 -0.00469509 -0.04139551 0.00824419 -0.10359951 -0.00952593 0.99453931
18.00000000 0.15117864 -0.02175745 0.22252831 0.02498937 0.99100102 -0.00574441 -0.13137543
18.00000000 0.11498430 -0.02082676 0.12050619 -0.00886997 -0.09746988 -0.01064047 0.99514206
18.00000000 0.32249240 -0.03108920 -0.00829266 0.00826288 0.90568202 0.00943596 -0.42377208
18.00000000 0.11507194 -0.00264225 -0.13608925 0.01122226 -0.14541516 -0.00566225 0.98929087
18.00000000 0.11511637 -0.00257695 -0.13621618 0.01123709 -0.14554258 -0.00559874 0.98927233
18.00000000 0.52734880 -0.06127035 0.24988660 0.02618878 0.99659052 0.02023367 0.07557826
18.00000000 0.08013757 -0.00433262 -0.03930368 0.00468523 -0.06959293 -0.01202995 0.99749193
18.00000000 0.42256374 -0.05853057 0.37568360 0.02215532 0.96924174 0.00709783 0.24500861
18.00000000 0.23767250 -0.04256088 0.39624715 0.01869213 0.96721715 -0.01054368 -0.25304234
18.00000000 0.59807165 -0.04706376 0.28075119 -0.00634708 0.87234177 -0.01258229 -0.48869339
18.00000000 0.28284225 -0.04076971 0.14152505 -0.00392529 0.85078027 -0.00599442 0.52547272
18.00000000 0.58982831 -0.05334646 0.08417050 0.02509160 -0.22357317 -0.00472819 0.97435265
18.00000000 0.27283581 -0.03277214 0.25982833 -0.00725560 0.75531768 -0.00930473 0.65525261
18.00000000 0.19899473 -0.03843560 0.04625572 -0.00158281 -0.64983933 0.01417490 0.75993777
18.00000000 0.29838888 -0.04142016 0.27363662 0.00262912 0.03970648 -0.00870666 0.99916999
18.00000000 0.30084090 -0.04466201 0.29621437 0.01144630 -0.15263633 -0.00925548 0.98817279
18.00000000 0.11706305 -0.04388006 0.48936167 0.00415082 0.97964584 0.02047467 0.19964364
18.00000000 0.15519671 -0.00475337 -0.17697376 0.01741488 -0.23584577 -0.01439887 0.97152775
18.00000000 0.28573927 -0.04417519 0.31965416 0.02484186 -0.49229035 -0.00588346 0.87005660
18.00000000 0.20739019 -0.04493585 0.10625847 0.00322236 -0.09412682 0.00441961 0.99554519
18.00000000 0.26516072 -0.04333881 0.24122253 0.00769697 0.22462564 -0.01071972 0.97435577
18.00000000 0.26540339 -0.04527709 0.01385384 -0.01739149 -0.22759125 -0.00816371 0.97356721
18.00000000 0.55874025 -0.05181519 0.33158484 -0.00455086 0.96474879 -0.01766872 -0.26253929
18.00000000 0.18426870 -0.00443305 -0.19762052 -0.01821019 -0.20068462 -0.02788680 0.97908958
18.00000000 0.13087983 -0.04439154 0.39076316 0.00271017 0.99626089 -0.01185393 0.08553588
18.00000000 0.17286222 -0.04446482 0.37852395 0.00695703 0.99684733 0.00401284 -0.07893598
18.00000000 0.16851585 -0.00595232 -0.18497045 0.01205440 -0.25161758 -0.01600984 0.96761923
18.00000000 0.21077815 -0.01995079 -0.03622781 0.01863448 0.28601724 0.00251840 0.95803995
18.00000000 0.43071286 -0.04409350 0.32043798 0.00628233 0.89502891 0.00020482 0.44596384
18.00000000 0.37137155 -0.04225518 0.00883023 -0.00428674 -0.66122217 0.00693692 0.75014582
18.00000000 0.00957236 -0.00469819 -0.12106259 -0.00061718 0.64015500 -0.03288232 0.76754150
18.00000000 0.41450651 -0.05389961 0.34351895 0.00478008 0.95592669 0.00634713 0.29349792
18.00000000 0.55471616 -0.05242201 0.04986392 0.01734066 -0.12802066 -0.01000396 0.99156943
18.00000000 0.57077878 -0.05586459 0.25267669 0.03348741 0.99824247 0.01130042 -0.04756961
18.00000000 0.48617532 -0.06000293 0.40893959 -0.00116556 0.99469308 0.00003974 0.10288011
18.00000000 0.25902791 -0.03849829 0.11195571 0.03344153 0.96698311 -0.01207642 -0.25234794
18.00000000 0.21032307 -0.02911183 -0.03603176 0.00969776 -0.37758192 0.01743884 0.92576116
18.00000000 0.21052736 -0.02905333 -0.03628710 0.00973838 -0.37764181 0.01744206 0.92573625
18.00000000 0.27376331 -0.04565869 0.22647062 0.00748355 0.63985972 0.00314106 0.76844887
18.00000000 0.14334075 -0.04015440 0.16140011 0.00595069 -0.10229671 0.01675658 0.99459499
18.00000000 0.39361142 -0.04635608 -0.02308955 0.01144353 0.14197504 0.00104208 0.98980354
18.00000000 0.39753597 -0.05561105 0.42051596 0.01826698 0.93821112 0.01942557 0.34503456
18.00000000 0.38041783 -0.04605269 -0.01387145 0.01659877 0.17037139 -0.00284655 0.98523600
18.00000000 -0.05180227 -0.01048526 0.16021904 0.02878109 0.69695531 0.01312556 0.71641655
18.00000000 0.25635659 -0.04191266 0.23137748 0.01231895 0.63277082 0.00350023 0.77423322
18.00000000 0.52278743 -0.05517230 0.33018629 0.01743014 0.98581871 0.01686365 0.16605202
18.00000000 0.27391434 -0.04366267 0.22914347 0.00457635 0.66687628 0.00291091 0.74514871
18.00000000 0.48322696 -0.03599787 0.29288865 0.00510110 0.94683978 -0.00200256 0.32165884
18.00000000 0.20876020 -0.04895074 0.34201297 -0.00379447 0.95820533 0.00324082 0.28603785
18.00000000 0.03325247 -0.04200644 0.32476489 0.00663466 0.96223051 -0.01581049 0.27169551
18.00000000 0.46151053 -0.04396999 0.32071406 0.00697340 0.88481118 0.01965156 -0.46548294
18.00000000 0.18138304 -0.04138831 0.10452584 0.00386931 -0.15784896 0.01309195 0.98736889
18.00000000 0.01538461 -0.03701397 0.31209793 -0.02312158 0.59925774 0.01017244 0.80015753
18.00000000 -0.01034183 0.00119272 0.03079906 0.00995425 0.74875997 -0.03504685 0.66183921
18.00000000 0.23944033 -0.04510581 0.14231301 0.01536777 0.32571516 -0.00309350 0.94533798
18.00000000 0.27257406 -0.03917988 0.34352730 0.01577910 0.94577811 -0.01746279 -0.32395963
18.00000000 0.22294595 -0.02911343 -0.05370553 0.01014992 0.44249581 0.00637135 0.89669049
18.00000000 0.07357701 -0.04591474 0.41357977 0.00269081 0.91856458 0.00077771 0.39526102
18.00000000 0.51741846 -0.04523419 0.10470449 -0.00773157 -0.68160022 -0.00091841 0.73168335
18.00000000 0.27820754 -0.04467966 0.26723491 -0.01057860 0.41696104 -0.00634399 0.90884066
18.00000000 -0.09871610 -0.00595416 0.14792012 0.01742558 0.76584990 0.01902248 0.64250170
18.00000000 0.06830262 -0.03989730 0.28551426 0.01151245 0.34955644 0.00494321 0.93683153
18.00000000 0.27129154 -0.04155090 0.30458750 -0.02013595 0.74700913 -0.00822866 -0.66445782
18.00000000 0.20183810 -0.02416211 -0.05728319 0.00328052 0.50215950 0.02165155 0.86449771
18.00000000 0.10269941 -0.03611515 0.19641367 0.00999736 0.24045314 0.00054851 0.97060911
18.00000000 -0.03869791 -0.00959562 0.09254214 0.00581766 0.46250509 0.01695799 0.88643535
18.00000000 0.03583207 -0.00824905 0.08704893 0.02239126 0.84646231 -0.03934785 0.53052044
18.00000000 0.40684181 -0.05482454 0.41460091 0.01576700 0.96774387 0.00690743 0.25134734
18.00000000 0.10411787 -0.01009521 -0.09271070 0.01470101 -0.06697058 0.00897610 0.99760626
18.00000000 0.46026435 -0.05846726 0.34985797 0.01450278 0.94815678 0.01171237 0.31725575
18.00000000 0.46016358 -0.05835196 0.35003593 0.01452322 0.94809787 0.01167687 0.31743212
18.00000000 0.53993029 -0.05425752 0.21875182 0.01313375 0.94596921 0.02291595 -0.32317892
18.00000000 -0.09571093 -0.04503694 0.48118252 -0.01342084 0.79500316 0.02238303 0.60604361
18.00000000 -0.05727405 0.00105939 -0.22881200 0.02622939 -0.17129943 0.00367557 0.98486294
18.00000000 -0.00413325 -0.04747224 0.13683009 -0.00623851 -0.08458782 -0.02285375 0.99613437
18.00000000 0.00807521 -0.04398072 0.41579756 0.01323568 0.99868178 -0.00424160 0.04941175
18.00000000 -0.20715605 0.00015624 0.16944938 0.00272655 0.56067753 0.03107744 0.82744635
18.00000000 0.08477203 -0.04978514 0.44323004 0.01148344 0.72836642 -0.01480151 0.68493167
18.00000000 0.14423147 -0.03982964 0.00742294 -0.00801810 0.75308499 -0.00688571 -0.65783835
18.00000000 0.39134440 -0.04989420 0.06701870 0.02752360 -0.07892344 -0.00301753 0.99649608
18.00000000 0.23086539 -0.05294875 0.36707443 0.02021045 0.79694946 0.00267466 0.60370186
18.00000000 0.45350602 -0.05425441 0.13805010 0.00892100 -0.69175453 -0.01202462 0.72197749
18.00000000 0.34528496 -0.05534272 0.38809342 0.02037624 0.79983512 0.01009072 0.59978893
18.00000000 0.25764386 -0.04974777 0.46456529 0.01361927 0.97522633 0.01116852 -0.22050710
18.00000000 -0.09300837 -0.03407467 0.30332060 0.00686136 0.92632942 -0.02994089 0.37546008
18.00000000 0.57911018 -0.06940105 0.34156635 -0.01073186 0.82508493 -0.00335733 -0.56489682
18.00000000 0.09689635 -0.04361905 -0.03766469 -0.00194374 0.00856381 -0.02230648 0.99971261
18.00000000 -0.10510064 -0.03458829 0.37198057 0.02399503 0.41635595 -0.00161876 0.90888357
18.00000000 0.14352704 -0.04618994 0.33302643 0.03078292 -0.34539367 -0.01758981 0.93778794
18.00000000 0.21437815 -0.04497054 0.06894827 0.00981803 0.43253903 0.01004561 0.90150579
18.00000000 -0.01543467 -0.00058540 -0.26723366 0.02042926 -0.19090453 -0.03008542 0.98093474
18.00000000 -0.19986387 0.00312479 0.11598639 0.02447142 0.32556586 0.02133711 0.94496177
18.00000000 0.27242812 -0.05517954 0.41034932 0.02627205 0.87247387 0.00269935 0.48794655
18.00000000 -0.11910961 0.00518582 -0.06899651 0.02987263 -0.07064500 -0.01125389 0.99699060
18.00000000 0.00528421 -0.02035609 -0.02454869 0.01385040 -0.02033862 0.01425756 0.99959553
18.00000000 0.33675273 -0.05594724 0.44955305 -0.00554650 0.91017200 0.01811627 -0.41379701
18.00000000 0.20468691 -0.04858828 0.37004298 -0.00414998 0.56308837 0.00216943 0.82638342
18.00000000 -0.09621574 -0.00108979 0.09359964 0.01464258 0.79757801 -0.02237241 0.60262293
18.00000000 -0.12040139 -0.03657118 0.42680406 0.00042930 0.39181118 -0.01644391 0.91989859
18.00000000 -0.08959468 -0.03076274 0.28966905 0.01400397 0.21835920 -0.00045733 0.97576787
18.00000000 0.35541983 -0.05643316 0.44116205 0.00259044 0.87859878 0.00363362 -0.47753980
18.00000000 0.56563938 -0.06008034 0.29522137 0.00935858 -0.66074271 -0.01166471 0.75046347
18.00000000 0.38326188 -0.05986299 0.44199538 0.01653345 0.99611287 0.03084306 0.08083628
18.00000000 0.38336306 -0.05980299 0.44234998 0.01652197 0.99610272 0.03082611 0.08097008
18.00000000 0.59425575 -0.06071320 0.06340415 0.03155529 -0.39973091 -0.00842872 0.91605045
18.00000000 0.37634433 -0.05851111 0.36569436 0.02482471 0.84773793 0.01130220 0.52971351
18.00000000 0.26155973 -0.04541507 -0.07842760 0.01181588 -0.66185853 -0.01886398 0.74929822
18.00000000 -0.01624228 0.03235506 -0.37227263 0.05103034 0.24573310 -0.02014106 0.96778380
18.00000000 0.47232589 -0.05838901 0.04734550 -0.00787674 0.78103083 0.02918577 -0.62376037
18.00000000 0.58172665 -0.05423072 -0.03914618 0.02848811 -0.31479781 0.00231485 0.94872831
18.00000000 0.05002443 -0.05272508 0.26429060 0.04298996 0.49484925 0.01862215 0.86771499
18.00000000 0.39087173 -0.04591800 0.00282954 -0.00401860 0.92730088 0.03948185 -0.37220708
18.00000000 0.60131747 -0.06530631 0.19632683 0.00161892 -0.59653264 -0.00603290 0.80256451
18.00000000 0.03013081 -0.01828531 -0.04850756 0.02997708 0.41152709 -0.00256690 0.91090078
18.00000000 0.19260796 -0.05245033 0.44835492 0.02392468 0.97128508 0.00098822 -0.23671065
18.00000000 -0.00854154 0.03296086 -0.43473453 0.03378760 -0.22426374 -0.01760767 0.97378342
18.00000000 -0.17530443 -0.02491830 0.24249074 0.01468201 0.92146554 -0.01087967 0.38803005
18.00000000 -0.03338987 -0.03902440 -0.00163099 -0.00102649 -0.30585224 0.00753377 0.95204863
18.00000000 0.09183587 -0.04898005 0.36884877 -0.01013270 0.98426872 0.00695596 -0.17624993
18.00000000 0.58008340 -0.05548262 0.15125486 0.02579809 0.94905245 0.02693482 -0.31290321
18.00000000 0.12717593 -0.05070233 0.00443858 0.01171316 0.79575431 0.00228117 -0.60550201
18.00000000 0.42226718 -0.05743281 0.34913854 0.02623333 0.92091409 0.00954261 0.38876469
18.00000000 -0.05735265 0.03777284 -0.30513950 0.03439387 0.42499230 0.00195966 0.90454119
18.00000000 0.33285844 -0.05147166 -0.03797159 0.00053517 0.75475843 0.01623044 -0.65580180
18.00000000 -0.06460996 -0.04940988 0.07460377 0.02510425 -0.04762422 0.00885840 0.99851051
18.00000000 -0.11313288 0.02785570 -0.21332841 0.03382397 0.61572656 -0.03491846 0.78645880
18.00000000 0.17264220 -0.06439274 0.44141358 0.00673190 0.56523701 -0.01231649 0.82480913
18.00000000 0.42357724 -0.05528894 -0.02808807 0.03048619 0.12180631 0.00246319 0.99208253
18.00000000 0.40062853 -0.05866761 0.42100966 0.00401321 0.95137477 0.02772981 -0.30675888
18.00000000 -0.30053159 0.01159962 0.12686228 0.01264257 0.65865775 0.02569114 0.75189766
18.00000000 -0.16042270 0.01814304 -0.21798565 0.03480722 -0.06398102 -0.01262297 0.99726403
18.00000000 0.31941016 -0.05894331 0.42393896 0.02269608 0.92743679 0.00732144 0.37321880
18.00000000 0.05966438 -0.04898552 -0.04630959 0.01785760 -0.11771179 -0.00147552 0.99288613
18.00000000 0.05529757 -0.05138248 0.23182914 0.04719583 0.60732223 0.02063787 0.79278392
18.00000000 -0.09261124 0.03119279 -0.32050868 0.03146609 0.57959137 -0.00686264 0.81427061
18.00000000 0.46754075 -0.06777930 0.43802867 0.00614047 0.99991395 -0.00717292 -0.00910719
18.00000000 0.46766062 -0.06767743 0.43837980 0.00615551 0.99991520 -0.00720713 -0.00893036
18.00000000 0.14445903 -0.06466800 0.44790825 0.00425151 0.53466164 -0.01797222 0.84486440
18.00000000 -0.05067472 -0.03921518 0.16953559 -0.00202468 -0.56622339 -0.00073119 0.82424902
18.00000000 0.25185150 -0.04793463 -0.02810070 0.00849358 0.34798818 0.00456512 0.93744933
18.00000000 0.17361885 -0.04995878 -0.03833408 0.01887259 0.84217087 -0.00534005 -0.53885391
18.00000000 0.28106326 -0.05355325 0.35964783 0.00465505 0.71414828 0.01668077 0.69978019
18.00000000 -0.07985441 0.02409356 -0.26795432 0.02596052 0.63874716 -0.01606659 0.76881076
18.00000000 0.15816964 -0.04897094 0.33607984 -0.00058530 0.66973310 -0.00061743 0.74260141
18.00000000 0.56613024 -0.06458922 0.34813103 -0.00302749 0.93607235 0.00148192 -0.35179141
18.00000000 0.27133922 -0.05581707 0.37654932 0.00618318 0.56707588 0.00388540 0.82363319
18.00000000 -0.16040229 -0.00725408 0.14660031 0.01934635 0.88285676 -0.00231461 0.46923799
18.00000000 0.09488631 -0.04735419 0.33193999 0.00207360 0.91856103 0.01051031 0.39513399
18.00000000 0.11453644 -0.03885877 -0.10986508 -0.01284584 -0.60138768 -0.01833094 0.79864374
18.00000000 0.10410528 -0.05245427 0.26568056 0.03036022 0.47608825 -0.00504961 0.87885877
18.00000000 0.41826931 -0.05251418 0.00556304 0.00732318 0.86956674 0.02995818 -0.49285146
18.00000000 0.17185574 -0.04855424 0.28800282 0.02788240 0.69567619 0.00617218 0.71778765
18.00000000 -0.00303431 -0.01797280 -0.14625195 -0.00176322 -0.14062625 0.00352445 0.99005491
18.00000000 0.11817179 -0.04293912 0.41346664 0.01694101 0.96759386 0.00979764 -0.25175214
18.00000000 -0.08611531 -0.03660435 0.36498616 0.00594813 0.98930042 -0.00588207 0.14565266
18.00000000 0.06553695 -0.04685716 0.23196673 0.03115982 0.54838306 0.01098467 0.83557430
18.00000000 -0.27452753 0.01735217 0.05842484 0.02878003 0.42849061 0.01217145 0.90300574
18.00000000 -0.19030348 -0.03022122 0.20199372 0.00933634 0.30322039 -0.01756979 0.95271272
18.00000000 0.02794145 -0.03978384 0.20885417 0.03763664 0.59163222 0.01547392 0.80518033
18.00000000 0.16532658 -0.03871698 0.02244634 0.02470318 0.94134371 0.00551269 -0.33649871
18.00000000 0.05571820 -0.00734193 -0.11731059 0.02625993 0.40859268 0.01322976 0.91224307
18.00000000 -0.10598923 0.01925033 -0.19467102 0.01482073 0.64733266 -0.02935058 0.76149807
18.00000000 0.55105530 -0.05959267 0.07445848 0.02029491 0.85585356 0.00959551 -0.51673081
18.00000000 -0.16092228 0.01842389 -0.03895595 0.03142113 0.71917892 -0.02485261 0.69366905
18.00000000 0.24019542 -0.05983051 0.36886909 0.01456248 0.53461921 -0.00183205 0.84496561
18.00000000 -0.25190969 0.01155231 0.04408839 0.02926647 0.23376371 0.01987554 0.97164961
18.00000000 0.53614762 -0.06145081 0.10227365 0.01402058 -0.31613426 -0.00640929 0.94858920
18.00000000 0.00616149 -0.04587710 0.43667073 0.00833069 0.82518213 0.00714836 0.56476009
18.00000000 0.16081818 -0.05103482 0.42581760 0.02240184 0.95886612 -0.00119632 -0.28297082
18.00000000 0.16085579 -0.05095286 0.42589690 0.02230843 0.95890009 -0.00116274 -0.28286323
18.00000000 -0.36657814 0.02957411 0.07818061 0.01711807 0.73414769 0.01456579 0.67861769
18.00000000 -0.26732382 0.01072877 -0.08639735 0.01950815 -0.02095224 -0.00306850 0.99958542
18.00000000 0.21625583 -0.03581308 -0.21897869 -0.02255681 0.81696275 0.01282204 -0.57610645
18.00000000 -0.07534114 -0.03744977 -0.03100104 0.03767399 0.18687755 0.00380654 0.98165318
18.00000000 0.16207992 -0.04217803 0.29244479 0.00267285 0.79695695 0.00624277 0.60399793
18.00000000 -0.18936680 0.01118954 0.04023915 0.01913142 0.88261419 -0.02301192 0.46914458
18.00000000 0.18818718 -0.03768754 0.05810450 0.01640447 0.91023089 -0.00137107 0.41377379
18.00000000 0.40113725 -0.04665115 -0.12105686 0.00113370 0.82970709 0.01890259 -0.55787772
18.00000000 0.06662386 -0.04318663 0.16989700 0.01689322 0.15054973 -0.01404756 0.98835827
18.00000000 -0.20515944 -0.00065522 0.15370158 0.01231957 0.88481267 -0.00448089 0.46576248
18.00000000 -0.07066888 -0.03246666 0.03653228 0.04038039 0.30353718 0.00877645 0.95192309
18.00000000 0.28015750 -0.03511616 -0.03833868 0.01120980 0.33801554 -0.00718131 0.94104637
18.00000000 0.49875614 -0.05354780 0.44227047 0.00921453 0.99784747 -0.00624225 0.06462625
18.00000000 0.10336662 -0.04014200 0.31929021 0.00692915 0.86582173 -0.00534507 0.50027607
18.00000000 0.65132345 -0.05007273 0.16249663 0.01677443 0.98568246 0.01640461 -0.16697185
18.00000000 0.52939525 -0.05058618 -0.13475974 0.01441891 0.03953064 -0.00866767 0.99907672
18.00000000 0.11338011 -0.04996474 0.35850251 -0.00465776 0.95294504 0.01016106 -0.30293697
18.00000000 0.21713111 -0.04092984 0.46214386 0.00114168 0.51936779 -0.00291573 0.85454508
18.00000000 -0.01502814 0.04482982 -0.57074838 0.03510664 0.04249847 -0.02467686 0.99817456
18.00000000 0.30629890 -0.04683656 0.34467762 0.02066285 0.86084211 0.01022367 0.50834967
18.00000000 0.38488662 -0.04725009 0.32369389 0.02800027 0.75602125 -0.00568370 0.65392320
18.00000000 0.16849336 -0.03419995 -0.24678629 -0.00636575 0.83172226 0.01716954 -0.55488988
18.00000000 -0.10849802 0.04274843 -0.45506778 0.02080956 0.47927048 -0.01689911 0.87725777
18.00000000 0.43369269 -0.04905546 0.41820192 0.02908277 0.99752677 0.01751005 -0.06154617
18.00000000 -0.20493643 -0.03299394 0.24457602 0.00158666 0.94717774 -0.00962226 0.32056080
18.00000000 -0.00997187 0.04414939 -0.59873718 0.03167922 -0.07550492 -0.01578225 0.99651711
18.00000000 0.02021160 -0.04670455 0.02589572 0.00372591 -0.40682760 0.00907749 0.91345226
18.00000000 -0.20873934 -0.02678356 0.26601945 0.02691160 0.35837392 -0.00718531 0.93316251
18.00000000 0.64698735 -0.04795724 0.10753734 0.02160923 0.94398003 0.02634269 -0.32823895
18.00000000 0.39959651 -0.05121980 0.44100502 0.02418774 0.97067243 0.01938692 0.23839909
18.00000000 0.08374405 -0.02405364 -0.24505918 0.00934081 0.18515152 -0.01397389 0.98256623
18.00000000 -0.03825414 -0.01897056 -0.30264290 0.02166727 -0.21510543 0.01428194 0.97624598
18.00000000 -0.03819640 -0.01890734 -0.30279875 0.02170824 -0.21518179 0.01428185 0.97622824
18.00000000 -0.22511875 0.00335229 -0.12827863 0.01339533 0.83879634 -0.02151996 0.54385490
18.00000000 0.48537446 -0.05054976 -0.06902592 0.02126417 -0.43108752 -0.00405510 0.90205041
18.00000000 0.42019039 -0.05871711 0.19027859 0.00254649 0.97847967 -0.01045048 -0.20606268
18.00000000 0.03181746 -0.02972419 -0.30476885 -0.00489570 0.14732523 0.00041433 0.98907590
18.00000000 -0.17171152 0.01040023 -0.37521787 0.02653740 -0.03339629 -0.00313024 0.99908491
18.00000000 0.19751659 -0.05055877 0.16144958 0.02152712 0.77363518 0.00053293 0.63326528
18.00000000 0.27704999 -0.04037134 0.09103954 0.00893697 0.87627847 0.00245744 0.48171582
18.00000000 0.29135031 -0.04022211 -0.26337366 0.01188266 0.11462724 0.00139992 0.99333652
18.00000000 0.00887466 -0.04405449 0.15630927 -0.00518826 0.99463525 0.00326464 -0.10326250
18.00000000 0.10540022 -0.04281608 0.11084966 0.01031209 -0.23949628 -0.00223690 0.97083994
18.00000000 -0.01726828 -0.02077521 -0.30380438 0.00807285 -0.62417086 -0.01572239 0.78108794
18.00000000 0.22772695 -0.04949046 0.19149970 0.01854904 0.91915952 -0.00007191 -0.39344849
18.00000000 -0.24350815 0.00898454 -0.22806458 0.01872702 0.68653164 -0.02209145 0.72652293
18.00000000 0.14715286 -0.03375163 -0.20932533 -0.00265126 0.83116588 0.01427022 -0.55583506
18.00000000 0.48611515 -0.04844979 -0.04607128 0.01622926 -0.48535391 -0.00207160 0.87416469
18.00000000 0.18545652 -0.02802658 -0.23796257 -0.00238919 0.40196269 0.00599542 0.91563330
18.00000000 0.05488789 -0.03461735 0.13690199 -0.00213207 0.67286360 -0.02442180 0.73936027
18.00000000 -0.19257645 -0.01245214 -0.06189761 0.01510827 0.91042845 -0.02204811 0.41280221
18.00000000 0.15990748 -0.04907080 0.11401940 0.00760308 0.60413373 -0.01009434 0.79678274
18.00000000 -0.14942938 -0.03638080 0.17346776 -0.00415402 0.51606563 0.00453744 0.85652695
18.00000000 -0.22366915 0.01357109 -0.28580205 0.02173789 0.64754511 -0.03571376 0.76087931
18.00000000 -0.19922767 -0.00315539 -0.08422692 0.01946820 0.88048872 -0.02994458 0.47271971
18.00000000 -0.13154040 -0.04481181 0.31689285 0.01019428 0.96546926 0.01649804 0.25979415
18.00000000 -0.20033405 0.00640806 -0.32793211 0.01359845 0.62220063 -0.03178324 0.78209417
18.00000000 0.13312356 -0.04747753 0.11127171 0.01299387 0.54717321 -0.00567530 0.83689929
18.00000000 -0.14357824 -0.02820635 0.03894169 0.01913501 0.34927089 -0.01087849 0.93676323
18.00000000 -0.14924526 0.02077586 -0.42457338 0.02730686 0.65353944 -0.02230672 0.75607073
18.00000000 -0.26138746 -0.00077915 0.00149382 0.03686798 0.65779509 0.00140082 0.75229277
18.00000000 -0.16855399 -0.03564185 0.16505121 0.00144877 0.98881992 -0.02222928 0.14744126
18.00000000 -0.01202515 -0.01856187 -0.18052171 0.02363704 0.86813141 -0.00665660 -0.49572657
18.00000000 -0.18070602 -0.04175965 0.28163718 0.00848031 0.86181243 0.03047856 0.50623954
18.00000000 0.04951270 -0.02154025 -0.26356446 -0.01784154 0.77181231 0.02078385 -0.63526016
18.00000000 0.04992876 -0.02130601 -0.26356031 -0.01778310 0.77187230 0.02067605 -0.63519242
18.00000000 0.02603566 -0.03234611 -0.06305504 0.01467355 0.97793709 0.02461771 0.20692439
18.00000000 1.07721966 0.00023116 -0.86708129 0.02082810 0.05437470 -0.00497863 0.99829094
18.00000000 0.99820684 -0.01468826 -0.32544026 0.01208143 -0.18056711 0.00293302 0.98348409
18.00000000 0.24707250 -0.03440402 0.13953291 -0.00247621 0.83502562 0.01201663 -0.55007424
18.00000000 0.30798948 -0.02795431 -0.13514358 0.00079099 0.78521231 0.00181153 -0.61922348
18.00000000 -0.01849426 -0.03772963 0.14983028 -0.00595319 0.99937046 0.01677649 0.03068850
18.00000000 0.67778431 -0.00821906 -0.64641260 0.01365491 -0.12538760 -0.00218343 0.99201145
18.00000000 1.72887677 -0.04803032 -0.52153889 0.00122456 0.17428293 -0.01471178 0.98458495
18.00000000 1.22027058 -0.02390944 -0.28329323 0.00831631 0.14825440 -0.00570726 0.98889782
18.00000000 0.30272390 -0.03102858 0.00474799 0.01721889 0.96274861 0.01442477 0.26946344
