2096.00000000 0.00004329 -0.00001768 -0.00005057 -0.00002864 -0.00008576 0.00004157 1.00000000
2096.00000000 -0.26747888 0.02346260 0.27037174 -0.16692479 0.34227397 0.03636189 0.92393856
2096.00000000 -0.03095484 0.14933749 1.46132386 -0.08528098 0.98633311 0.04765293 0.13267764
2096.00000000 -0.41643277 0.08573925 1.12435389 -0.13561590 0.86362277 0.04930099 0.48304602
2096.00000000 0.38241369 0.07403944 0.16573776 -0.11763138 -0.19411796 0.00276436 0.97389601
2096.00000000 0.60524154 0.10650060 0.32775831 -0.09841638 -0.41176291 0.00180719 0.90595930
2096.00000000 0.24919324 0.05473430 0.11251734 -0.12966050 -0.07939549 0.01139935 0.98830894
2096.00000000 0.87283337 0.19833383 0.99203479 0.02233537 0.82968086 0.03934397 -0.55640170
2096.00000000 0.21401767 0.05105549 0.10622236 -0.12903672 -0.05056729 0.00942244 0.99030485
2096.00000000 0.63699335 0.17722471 1.20067155 -0.03367654 0.91352405 0.00009985 -0.40538833
2096.00000000 0.78317297 0.10573877 0.27488622 0.00356713 -0.50086622 0.02425445 0.86517745
2096.00000000 -0.14160091 -0.00908117 0.04326105 -0.00632176 0.09592390 -0.00997021 0.99531866
2096.00000000 -0.14195102 0.02994885 0.20421749 -0.15627372 0.24403144 0.02552209 0.95675274
2096.00000000 -0.30859736 0.10220253 1.39620924 -0.08724570 0.95844168 -0.09045086 0.25611791
2096.00000000 0.80286729 0.11248576 0.30473667 -0.00391732 -0.52354034 0.01747301 0.85181269
2096.00000000 0.79553950 0.19212551 1.16216540 -0.02466616 0.86755950 0.01012861 -0.49661807
2096.00000000 -0.34988818 0.10043359 1.24998951 -0.11630881 0.90266668 0.03371604 0.41295079
2096.00000000 1.01916909 0.15498516 1.03974295 0.00136463 0.77238568 -0.04294141 -0.63369909
2096.00000000 0.46300021 0.17868158 1.32311988 -0.05429270 0.95461404 0.00454347 -0.29282023
2096.00000000 0.32263932 0.03305713 0.02214843 0.02323396 -0.21614408 0.01573375 0.97595818
2096.00000000 0.23340705 0.17272735 1.52194095 -0.05580819 0.99621148 0.02572542 -0.06153329
2096.00000000 0.37717319 0.18895812 1.50451183 -0.06478856 0.98436664 0.02922019 -0.16115503
2096.00000000 0.91867912 0.14029106 0.63693070 0.07417410 -0.66866835 0.07749858 0.73578177
2096.00000000 0.83851510 0.11053255 0.41011649 0.08325883 -0.55861690 0.06393571 0.82275595
2096.00000000 -0.55534518 0.00688017 0.38318318 -0.12131845 0.46118102 0.00682390 0.87894672
2096.00000000 0.94250053 0.18377775 0.86649942 0.01655149 0.80181311 0.00436737 -0.59732965
2096.00000000 0.60092437 0.06963916 0.13316196 0.05532906 -0.37581883 0.03909451 0.92421346
2096.00000000 -0.67749619 0.03575096 0.97625113 -0.09959470 0.77971887 -0.07642861 0.61341506
2096.00000000 0.27355325 0.15436080 1.42283499 -0.08201289 0.98207848 -0.06555645 -0.15651867
2096.00000000 -0.44651231 0.00034556 0.23227705 -0.13529365 0.33729317 0.00334482 0.93162104
2096.00000000 0.72953844 0.17948464 1.08293438 -0.01759151 0.87042384 0.00034250 -0.49198858
2096.00000000 -0.72661430 0.02043164 0.76617080 -0.13158523 0.69837963 0.00613977 0.70350090
2096.00000000 -0.08927479 0.11853077 1.40392184 -0.09807367 0.97697735 -0.09964968 0.16114201
2096.00000000 0.07327596 0.12164946 1.25385250 -0.09689528 0.97587449 -0.10080205 0.16768788
2096.00000000 0.39096650 0.06716180 0.27919581 0.03846200 -0.24883418 0.01143541 0.96771455
2096.00000000 -0.36055890 0.06149624 0.86864062 -0.09986486 0.73527133 -0.04387681 0.66893789
2096.00000000 0.43206526 0.15105704 1.25820381 -0.11759005 0.95677650 -0.11131511 -0.24157869
2096.00000000 -0.16589116 0.06070443 0.61353790 -0.15990706 0.52081378 0.03400256 0.83787026
2096.00000000 0.64254860 0.16370625 1.04899490 -0.00765348 0.88112728 0.00076842 -0.47281661
2096.00000000 0.08869691 0.12881743 1.30084790 -0.09564920 0.98802325 -0.07981429 0.09105470
2096.00000000 0.04205399 0.12102234 1.28195337 -0.08845845 0.98287261 -0.08109812 0.13985574
2096.00000000 0.73642045 0.12374251 0.51423162 -0.01592453 -0.54986279 0.02002945 0.83486295
2096.00000000 0.28668361 0.04945816 0.26033611 0.00858442 -0.15149735 0.00170365 0.98841892
2096.00000000 0.68736647 0.13483552 0.63178701 -0.08162917 -0.57499230 -0.00545701 0.81405820
2096.00000000 -0.26203680 0.02694014 0.46993687 -0.04857680 0.40945423 -0.06430157 0.90876445
2096.00000000 0.53230100 0.08322331 0.32649309 0.04986109 -0.34439703 0.02543604 0.93715397
2096.00000000 -0.06167229 0.10680374 1.19458077 -0.09250087 0.94021277 -0.08849000 0.31561536
2096.00000000 0.73175081 0.16682652 0.99005449 -0.01809129 0.81479716 -0.00974584 -0.57938184
2096.00000000 0.83057882 0.14670874 0.68550478 -0.03519538 -0.67763735 0.00510106 0.73453583
2096.00000000 0.08905388 0.06358825 0.36825566 -0.13585748 0.18534519 0.02118390 0.97300624
2096.00000000 0.73564414 0.17999336 1.00265252 0.02496761 0.85080042 0.06685222 -0.52062082
2096.00000000 -0.08243697 0.02608235 0.32237654 -0.00449834 0.19611992 -0.03398934 0.97998034
2096.00000000 0.14419228 0.03943812 0.25597329 0.01893896 -0.00649003 0.00709395 0.99977441
2096.00000000 -0.03421744 0.02965298 0.31332665 -0.00953369 0.18446594 -0.01979034 0.98259339
2096.00000000 -0.18126696 0.09487731 0.99698602 -0.13975682 0.83493063 0.04402636 0.53049087
2096.00000000 0.83806432 0.15206909 0.70963265 -0.02390839 -0.69484594 -0.00589319 0.71873693
2096.00000000 0.34573568 0.05625988 0.26368218 0.01806284 -0.19508052 0.00137184 0.98061993
2096.00000000 -0.35549168 0.05650706 0.69299089 -0.13690688 0.63614359 0.02167900 0.75901769
2096.00000000 0.72070378 0.13994977 0.67045339 -0.07526943 -0.61776441 -0.01725698 0.78256236
2096.00000000 -0.30458405 0.03931601 0.55256962 -0.11019074 0.49612635 -0.00366866 0.86122192
2096.00000000 -0.30373970 0.04958749 0.66878546 -0.09474372 0.58394832 -0.02247304 0.80592987
2096.00000000 0.78143101 0.16728073 0.93196341 0.05579478 0.77276374 0.02978724 -0.63153454
2096.00000000 0.76268952 0.15592258 0.92532744 -0.01280110 0.80522873 -0.01215174 -0.59270158
2096.00000000 -0.16893600 0.10083477 1.01859236 -0.13465909 0.84928381 0.04288715 0.50866947
2096.00000000 0.84214611 0.15386944 0.78343367 0.01366471 0.75756598 -0.02860347 -0.65198842
2096.00000000 -0.23943706 0.07217980 0.95973248 -0.06790637 0.78664399 -0.07267889 0.60934205
2096.00000000 -0.24055541 0.06556415 0.89825406 -0.06781257 0.79137137 -0.07089145 0.60341296
2096.00000000 -0.29947886 0.02857177 0.45902998 -0.06336834 0.45814980 -0.05488195 0.88491310
2096.00000000 -0.32015377 0.04770620 0.66450043 -0.08725155 0.62933961 -0.03847134 0.77125792
2096.00000000 0.52586508 0.15199855 1.05506328 -0.05039647 0.93147465 0.00117089 -0.36029682
2096.00000000 0.37053070 0.14325665 1.16177629 -0.08141105 0.97557985 -0.02896888 -0.20193318
2096.00000000 0.61656238 0.12060494 0.53431656 -0.08007107 -0.53942465 -0.00828042 0.83817725
2096.00000000 -0.31866985 0.04674622 0.71287833 -0.08178779 0.67178683 -0.05406807 0.73422739
2096.00000000 -0.19657185 0.06224344 0.66200006 -0.14644913 0.63886959 0.03276991 0.75453591
2096.00000000 -0.13714975 0.05586758 0.49975048 -0.15282781 0.45477254 0.02696870 0.87698249
2096.00000000 0.63243384 0.15385678 0.98188354 -0.04731880 0.86661696 -0.03372814 -0.49557883
2096.00000000 -0.36508076 0.05521201 0.71503998 -0.13547650 0.68133034 0.00395971 0.71931871
2096.00000000 0.10544139 0.12263109 1.22643638 -0.09733480 0.99020565 -0.07967712 0.06058276
2096.00000000 -0.12442128 0.09556905 1.14243522 -0.09303204 0.93932864 -0.08773571 0.31829105
2096.00000000 -0.16450281 0.03333708 0.34977959 -0.10144504 0.30468831 0.00099172 0.94703377
2096.00000000 -0.34751181 0.05622195 0.83633258 -0.09503870 0.75211020 -0.05381997 0.64992407
2096.00000000 0.72734248 0.12343372 0.49901355 -0.03169722 -0.56219373 0.01235674 0.82630551
2096.00000000 0.73114456 0.16302206 0.79448827 0.04375991 0.75672106 0.03778553 -0.65117629
2096.00000000 0.24525505 0.14782259 1.25901326 -0.07329001 0.99677964 0.02403402 -0.02193827
2096.00000000 -0.11567752 0.09217381 1.07323058 -0.09652620 0.90617801 -0.06614777 0.40638476
2096.00000000 0.55604770 0.14521069 1.07666395 -0.09935668 0.90184849 -0.10333904 -0.40757648
2096.00000000 0.39114089 0.13924366 1.18423709 -0.10977659 0.95969650 -0.11422512 -0.23213004
2096.00000000 -0.18354964 0.05965466 0.58639739 -0.15198469 0.55637975 0.03678278 0.81608165
2096.00000000 -0.21153100 0.07113600 0.76270346 -0.14570606 0.73263271 0.02988136 0.66417329
2096.00000000 -0.23432443 0.04247083 0.45841545 -0.13448330 0.44709855 0.01002816 0.88426046
2096.00000000 0.61927139 0.09394484 0.35533136 0.00914508 -0.46554084 0.02115834 0.88472618
2096.00000000 -0.28305509 0.03976587 0.51689157 -0.11119003 0.51122642 0.00325663 0.85221694
2096.00000000 0.55872220 0.07816623 0.33490659 0.05111956 -0.41159690 0.04277629 0.90892517
2096.00000000 0.00088076 0.12022417 1.16941252 -0.10759285 0.95600303 0.02285258 0.27195542
2096.00000000 0.02140734 0.02781647 0.21753557 0.00970292 0.07879962 -0.02208118 0.99659866
2096.00000000 0.59676857 0.15355206 0.98654563 -0.01853956 0.88959010 0.00171609 -0.45638010
2096.00000000 -0.19719870 0.08350595 0.88985841 -0.14136794 0.81165450 0.03473680 0.56570790
2096.00000000 0.64323000 0.09184459 0.42009671 0.06250957 -0.49903931 0.04873805 0.86294665
2096.00000000 0.12909425 0.12402716 1.23011909 -0.10783602 0.99017858 -0.07939225 0.04018265
2096.00000000 0.15731393 0.12761977 1.24458495 -0.10841859 0.98979278 -0.08005073 0.04634158
2096.00000000 0.40578697 0.15278183 1.18006776 -0.07659036 0.97400207 -0.01064108 -0.21293346
2096.00000000 0.59001397 0.09083071 0.41657410 0.06917441 -0.42980730 0.04095638 0.89933484
2096.00000000 0.70710996 0.13942223 0.70113769 -0.06213431 -0.66425135 -0.02137297 0.74461579
2096.00000000 -0.29699151 0.05415038 0.66215752 -0.13521580 0.61632910 0.02187186 0.77548485
2096.00000000 0.17992671 0.14330465 1.25600573 -0.08554098 0.99176530 0.02783185 0.09115765
2096.00000000 0.71950521 0.15800433 0.91108598 -0.01146732 0.80646033 -0.01750515 -0.59091776
2096.00000000 0.61044120 0.14931059 1.05926456 -0.09497489 0.87526700 -0.07683761 -0.46795665
2096.00000000 0.25164548 0.05039536 0.28727068 0.01235600 -0.10404966 0.00143963 0.99449431
2096.00000000 0.45412138 0.07420776 0.32397376 0.04015590 -0.29427046 0.02862004 0.95444921
2096.00000000 -0.15277017 0.08001128 0.87247137 -0.14170649 0.78155003 0.02876744 0.60685357
2096.00000000 0.63029626 0.16858361 1.09105594 -0.03031017 0.89664797 0.01523163 -0.44144277
2096.00000000 0.02710947 0.03362030 0.32677588 -0.01048108 0.15360193 -0.01676355 0.98793501
2096.00000000 -0.00125316 0.11909783 1.15544993 -0.10487803 0.94131609 0.02850719 0.31954962
2096.00000000 0.13923637 0.03547555 0.28038787 0.01738819 0.01436001 -0.01265870 0.99966554
2096.00000000 0.76396159 0.16369803 0.89167961 0.01359011 0.81407517 0.02779685 -0.57993470
2096.00000000 0.75681069 0.15323652 0.77518906 -0.01198594 0.71535901 -0.03644415 -0.69770312
2096.00000000 0.48098312 0.09604273 0.42659037 -0.10434038 -0.29416752 0.00079263 0.95004102
2096.00000000 0.55482544 0.17008261 1.18270846 -0.04436320 0.94383348 0.01938657 -0.32685536
2096.00000000 -0.06975229 0.06036012 0.53301859 -0.16117058 0.43206324 0.03663543 0.88656824
2096.00000000 0.18382483 0.03809845 0.27977455 0.00998326 -0.02326698 -0.00336572 0.99967377
2096.00000000 0.13957142 0.12278549 1.21603275 -0.10092489 0.98500996 -0.08469942 0.11133534
2096.00000000 0.38377472 0.14269631 1.21854947 -0.09966378 0.96744734 -0.11413851 -0.20269479
2096.00000000 0.60644025 0.11605401 0.53872735 -0.09177426 -0.47984965 -0.01015298 0.87247849
2096.00000000 0.45177448 0.16881598 1.24110764 -0.04947510 0.97733694 0.02386395 -0.20443885
2096.00000000 -0.12308354 0.08816266 1.04862113 -0.10227150 0.86386316 -0.07670581 0.48723423
2096.00000000 0.11075163 0.13925767 1.23398745 -0.10104507 0.98074593 0.04181641 0.16179836
2096.00000000 -0.15154930 0.07057421 0.72813681 -0.13994281 0.66236660 0.03222705 0.73528764
2096.00000000 0.74315925 0.15334288 0.83276625 0.05290312 0.75368483 0.02224018 -0.65472575
2096.00000000 -0.29182576 0.05166604 0.63656900 -0.14464123 0.59446819 0.01869870 0.79078243
2096.00000000 0.29752397 0.13840203 1.22817493 -0.09585087 0.98832009 -0.06738515 -0.09744362
2096.00000000 0.67637440 0.13267841 0.63791273 -0.07521652 -0.59227420 -0.01202153 0.80212794
2096.00000000 0.46803237 0.14870497 1.18380548 -0.10469219 0.94740016 -0.09504392 -0.28712215
2096.00000000 0.48071560 0.14522341 1.10975090 -0.10427047 0.94799742 -0.09695773 -0.28465376
2096.00000000 0.79346741 0.13658083 0.59857749 -0.01965068 -0.65995346 -0.00679993 0.75101867
2096.00000000 0.22177794 0.06223267 0.31998728 -0.12870844 0.06205886 0.02470931 0.98943028
2096.00000000 -0.05475202 0.02794271 0.30765700 -0.02035975 0.23338279 -0.04080627 0.97131499
2096.00000000 0.77104022 0.12353601 0.61678808 0.08063271 -0.64340448 0.08831788 0.75612763
2096.00000000 0.67424729 0.10173661 0.39257066 0.01506685 -0.48518167 0.02017802 0.87405068
2096.00000000 0.01542485 0.10385885 1.08474780 -0.10547933 0.94960483 -0.08420989 0.28290188
2096.00000000 -0.18602749 0.06152743 0.82035837 -0.07897214 0.75274746 -0.07033620 0.64975956
2096.00000000 0.21976567 0.14400843 1.18773159 -0.08361997 0.99418449 0.02287584 0.06388745
2096.00000000 0.27166650 0.13419551 1.14928542 -0.10200489 0.99101100 -0.08250442 -0.02617668
2096.00000000 0.68376326 0.09964300 0.44060896 0.06589521 -0.51427546 0.04386808 0.85396379
2096.00000000 0.78225999 0.12296336 0.80844694 -0.00531871 0.75387221 -0.05867817 -0.65437396
2096.00000000 0.51276885 0.09520453 0.39498492 -0.09814655 -0.33170114 -0.00022454 0.93826519
2096.00000000 0.74411374 0.14815593 0.75197875 0.05656348 0.74286974 0.01926344 -0.66676386
2096.00000000 -0.01154131 0.11122828 1.05234031 -0.11429800 0.92284514 0.02208006 0.36715840
2096.00000000 0.26615270 0.06571591 0.30794119 -0.13606683 0.01280810 0.02002210 0.99041450
2096.00000000 0.38447423 0.05963099 0.23789175 0.02134309 -0.21378770 0.01057109 0.97658975
2096.00000000 -0.23230756 0.06654433 0.89149305 -0.10402021 0.80488430 -0.07269585 0.57970370
2096.00000000 -0.00072135 0.05911155 0.42715570 -0.16133832 0.36847637 0.04072867 0.91462358
2096.00000000 0.69125425 0.16301061 0.87392203 0.02600225 0.83313383 0.03452626 -0.55137995
2096.00000000 -0.22070433 0.04965563 0.62672671 -0.09353278 0.60313471 -0.03110601 0.79152546
2096.00000000 0.47147960 0.06908299 0.28310182 0.05066080 -0.29579607 0.02105777 0.95367434
2096.00000000 0.35503887 0.07507789 0.31536509 -0.12196518 -0.10558164 0.00425208 0.98689358
2096.00000000 0.43968214 0.15181351 1.09859102 -0.06074546 0.96826426 0.00968873 -0.24224045
2096.00000000 0.13824330 0.03987885 0.25639692 -0.01276611 0.05778330 0.00362923 0.99824093
2096.00000000 0.72963536 0.16535988 0.79855017 0.03363474 0.77981423 0.04307086 -0.62362117
2096.00000000 0.62668376 0.09301868 0.35286402 0.01131076 -0.44850570 0.03709125 0.89293838
2096.00000000 -0.11372597 0.08265391 0.93725627 -0.09146295 0.83361490 -0.07732922 0.53920397
2096.00000000 0.64799232 0.09350246 0.41470897 0.06359187 -0.48491755 0.04849599 0.87089562
2096.00000000 0.03509829 0.10916752 1.09252670 -0.10632566 0.95712733 -0.08013752 0.25725496
2096.00000000 0.25252630 0.04505311 0.21711098 0.01358907 -0.09723570 -0.00043698 0.99516851
2096.00000000 0.69866684 0.16318627 0.85441828 0.03176737 0.82200187 0.02162370 -0.56818674
2096.00000000 0.70114844 0.16453269 0.95350869 -0.01526676 0.86446459 0.00766940 -0.50240330
2096.00000000 0.72762348 0.16688010 0.98121180 -0.01533974 0.86548493 0.00978116 -0.50060448
2096.00000000 0.63332666 0.08740576 0.32507677 0.03430200 -0.42826988 0.03890734 0.90216102
2096.00000000 0.45488455 0.09042403 0.33246325 -0.11806230 -0.21774106 -0.00374319 0.96883234
2096.00000000 0.05546287 0.11492837 1.18424759 -0.08214726 0.98006865 -0.08057655 0.16194037
2096.00000000 0.49500699 0.16649348 1.19547139 -0.04047227 0.97288326 0.02752258 -0.22605899
2096.00000000 0.50016217 0.09106461 0.34607974 -0.10888455 -0.27075061 -0.00372631 0.95646452
2096.00000000 0.50640073 0.15671375 1.09299071 -0.04190424 0.95373007 0.00648331 -0.29765912
2096.00000000 0.22369401 0.13209618 1.18359055 -0.09036197 0.99239448 -0.07783647 0.03048604
2096.00000000 0.57282905 0.10431910 0.41622887 -0.10041664 -0.38041619 -0.00040658 0.91934752
2096.00000000 -0.15274868 0.07578979 0.77512749 -0.14499048 0.74983226 0.04166200 0.64419999
2096.00000000 0.26893744 0.13019285 1.20636075 -0.13097698 0.97487922 -0.17275846 -0.05108867
2096.00000000 0.01542738 0.03069801 0.26884088 -0.00475921 0.14776272 -0.01764315 0.98885401
2096.00000000 -0.24921862 0.05259646 0.74444048 -0.06421761 0.69738545 -0.05884899 0.71138346
2096.00000000 0.50629871 0.07349738 0.26854869 0.04500668 -0.30521653 0.02978266 0.95075247
2096.00000000 0.79379504 0.14532326 0.70575616 -0.02546511 0.70640575 -0.05350091 -0.70532269
2096.00000000 0.70284871 0.16269452 0.91713132 0.01331925 0.84752662 0.03286161 -0.52956713
2096.00000000 -0.23160544 0.04270318 0.53644419 -0.10050811 0.52431086 -0.00680900 0.84554709
2096.00000000 0.74671002 0.16675072 0.83531675 0.03863076 0.80110912 0.04456666 -0.59560528
2096.00000000 0.57034934 0.07951365 0.31167102 0.04947208 -0.37258914 0.03707762 0.92593472
2096.00000000 0.74590900 0.14232048 0.67747678 -0.04800343 -0.68732666 -0.02180469 0.72443239
2096.00000000 0.72041814 0.15908676 0.93175672 -0.02126018 0.82825384 -0.01023650 -0.55985605
2096.00000000 -0.23087034 0.05947157 0.79100724 -0.07025129 0.71595477 -0.07746673 0.69026983
2096.00000000 0.76413964 0.14918475 0.74736764 0.06101707 0.73071607 0.01721934 -0.67973115
2096.00000000 0.51658310 0.16587652 1.18260396 -0.04861418 0.96866133 0.02549013 -0.24224398
2096.00000000 -0.22123781 0.07753134 0.97076899 -0.08190342 0.84210666 -0.08007862 0.52700628
2096.00000000 0.51569258 0.14742536 1.13608757 -0.11105977 0.94011272 -0.08858559 -0.30984898
2096.00000000 0.62865075 0.17147333 1.09613531 -0.02261046 0.91940286 0.02427530 -0.39191563
2096.00000000 0.52477501 0.15459414 1.07756145 -0.04110390 0.95046440 0.00356941 -0.30808302
2096.00000000 0.69934705 0.16783689 1.02415511 -0.02179539 0.87988650 0.01504038 -0.47444546
2096.00000000 0.57118576 0.08023357 0.29213632 0.04405769 -0.35770541 0.03362674 0.93218829
2096.00000000 0.81445424 0.13411621 0.55590704 -0.03647610 -0.61008207 0.01083231 0.79142405
2096.00000000 -0.11577652 0.09657910 1.09280890 -0.09581822 0.92148428 -0.09183557 0.36503673
2096.00000000 0.30726472 0.15568686 1.24732276 -0.06719935 0.99668140 0.02760026 -0.03672399
2096.00000000 0.32075375 0.15540504 1.26321186 -0.06569539 0.99671396 0.02779584 -0.03837692
2096.00000000 -0.14028096 0.07536964 0.94165150 -0.07037000 0.79953659 -0.07750788 0.59142356
2096.00000000 0.10142827 0.13081753 1.20562421 -0.10559943 0.96812993 0.03697180 0.22406760
2096.00000000 0.16571079 0.06367314 0.37298660 -0.13654944 0.14528053 0.01789988 0.97975885
2096.00000000 -0.22724464 0.04656875 0.57410550 -0.14633945 0.52046739 0.01841582 0.84104656
2096.00000000 0.79828399 0.13014480 0.59134451 -0.03559531 -0.59611910 0.00462959 0.80209323
2096.00000000 0.35054203 0.06025429 0.29692305 0.02031985 -0.17490242 0.02192893 0.98413178
2096.00000000 0.83895554 0.14134882 0.95636636 0.00032820 0.77565933 -0.03680941 -0.63007743
2096.00000000 0.63093682 0.09386294 0.43429942 0.07459315 -0.44679639 0.03749223 0.89073182
2096.00000000 -0.10018832 0.08842985 1.02144560 -0.09614754 0.84955540 -0.07585765 0.51308565
2096.00000000 0.45334164 0.07272568 0.32995648 0.03951914 -0.26614474 0.02321517 0.96284281
2096.00000000 0.29017874 0.05674944 0.27395156 0.02295327 -0.11627618 0.00753337 0.99292308
2096.00000000 0.26077140 0.12758354 1.23061101 -0.11544648 0.97977463 -0.16078905 -0.02933706
2096.00000000 0.08826967 0.11479091 1.16970681 -0.09342871 0.97063886 -0.07801027 0.20747451
2096.00000000 -0.19406898 0.06365162 0.85788908 -0.07443917 0.73586920 -0.08020582 0.66822328
2096.00000000 0.81454631 0.13732941 0.91538298 0.01302227 0.76299132 -0.04608205 -0.64463254
2096.00000000 -0.23849021 0.05146812 0.59332188 -0.15607841 0.54725642 0.02897287 0.82177279
2096.00000000 0.07637411 0.03613716 0.29634254 -0.00056493 0.10111722 -0.02052813 0.99466255
2096.00000000 -0.02526812 0.09911097 1.10146990 -0.09644612 0.91224734 -0.07768463 0.39047155
2096.00000000 0.23614205 0.05538922 0.29163196 0.00949622 -0.03223606 0.00276865 0.99943133
2096.00000000 0.54085579 0.08373841 0.37082803 0.04753603 -0.35338366 0.03837077 0.93348165
2096.00000000 -0.06785197 0.09846729 1.13551170 -0.08629622 0.92991521 -0.08598191 0.34701264
2096.00000000 -0.10580798 0.04677881 0.45075082 -0.13724501 0.37542019 0.01474336 0.91651848
2096.00000000 0.81009112 0.13167540 0.89430423 0.02208102 0.75770965 -0.04936529 -0.65034728
2096.00000000 0.11022129 0.11468286 1.17620950 -0.09594890 0.97218730 -0.09331391 0.19219309
2096.00000000 -0.05883661 0.10294425 1.04181502 -0.12482559 0.87888650 0.03318295 0.45921236
2096.00000000 0.60750790 0.14926356 1.08568424 -0.10455045 0.89357694 -0.10745283 -0.42313514
2096.00000000 0.52212834 0.07985519 0.36393206 0.05022317 -0.33614583 0.03853479 0.93968010
2096.00000000 -0.22407012 0.05593479 0.77056480 -0.07642948 0.68179902 -0.05921618 0.72512211
2096.00000000 -0.08292100 0.06018252 0.58728835 -0.15917504 0.49834109 0.03323762 0.85159540
2096.00000000 -0.09407290 0.03174256 0.38648243 -0.02785867 0.29055040 -0.04224931 0.95552046
2096.00000000 0.12707863 0.04129595 0.31395119 -0.00994223 0.07919979 -0.00439265 0.99679950
2096.00000000 0.01286413 0.11875587 1.13151106 -0.10950644 0.93261684 0.03160732 0.34239618
2096.00000000 0.01839286 0.10915929 1.02810641 -0.10874714 0.93280800 0.03381879 0.34190581
2096.00000000 0.57059167 0.15659058 1.05650245 -0.04078129 0.93517628 0.03298170 -0.35027764
2096.00000000 0.18731493 0.06138419 0.30671497 -0.13371457 0.11217317 0.02647838 0.98429492
2096.00000000 0.73994627 0.14418536 0.78382205 0.05695649 0.75984750 0.02320252 -0.64718573
2096.00000000 0.33500850 0.13230113 1.10147169 -0.09039631 0.98478045 -0.06904866 -0.13140877
2096.00000000 -0.24324215 0.05233891 0.64255619 -0.14012584 0.65247812 0.01771959 0.74452875
2096.00000000 0.08376535 0.11862732 1.08700860 -0.10738186 0.96231775 0.02721366 0.24834068
2096.00000000 -0.06179679 0.03175943 0.30978294 -0.02400289 0.26126206 -0.04700113 0.96382410
2096.00000000 0.03203183 0.10229736 1.08959856 -0.09801314 0.96967167 -0.08073269 0.20883609
2096.00000000 -0.25288846 0.05523191 0.73185176 -0.11104216 0.72014124 -0.03755551 0.68385365
2096.00000000 -0.11512774 0.06696879 0.68729555 -0.14886300 0.70077643 0.02858134 0.69709061
2096.00000000 0.55211835 0.14438586 0.96847192 -0.03687463 0.92316549 -0.00073638 -0.38262933
2096.00000000 0.69156049 0.10694311 0.50211380 0.08720830 -0.56968582 0.06428773 0.81469004
2096.00000000 0.36205996 0.05798208 0.24697826 0.02057246 -0.19794933 0.02219459 0.97974499
2096.00000000 0.66111001 0.14718455 0.88133085 -0.03095297 0.84555573 -0.01253103 -0.53284181
2096.00000000 0.31069660 0.12372110 1.12532504 -0.12544632 0.97081064 -0.16989119 -0.11369656
2096.00000000 0.18729090 0.11722326 1.09908838 -0.09566799 0.98815968 -0.08371107 0.08591010
2096.00000000 -0.12467032 0.08188637 0.97744289 -0.09417536 0.89179797 -0.10249967 0.43048948
2096.00000000 0.76058380 0.14873819 0.77432190 0.01073881 0.80422591 0.01448250 -0.59405018
2096.00000000 -0.21318326 0.06572776 0.83654510 -0.09849261 0.79535029 -0.07773196 0.59302181
2096.00000000 0.42357537 0.06270576 0.26103852 0.02901957 -0.25774169 0.02075970 0.96555483
2096.00000000 0.70693965 0.15927401 0.84618517 0.01657617 0.84105383 0.05932002 -0.53743356
2096.00000000 0.08556577 0.05836896 0.36252406 -0.15613212 0.26647897 0.02492322 0.95078418
2096.00000000 0.29694200 0.05080416 0.22850464 0.03196573 -0.13585560 0.01319590 0.99012490
2096.00000000 0.61589280 0.15560286 1.00075045 -0.02415794 0.90683508 0.02770486 -0.41987972
2096.00000000 -0.12301024 0.03301170 0.37560879 -0.03742127 0.35938957 -0.06149582 0.93040693
2096.00000000 -0.10181417 0.07919392 0.79923577 -0.13848116 0.78936357 0.02518703 0.59757321
2096.00000000 0.37457772 0.14849525 1.14935082 -0.07363211 0.99218669 0.02318664 -0.09801159
2096.00000000 0.69977575 0.13266242 0.66476724 -0.05743796 -0.69878164 -0.02324819 0.71264621
2096.00000000 0.50611956 0.13922053 1.04198702 -0.10589465 0.92713536 -0.09429377 -0.34686458
2096.00000000 0.24398098 0.13628439 1.15300662 -0.07785034 0.99595116 0.03045118 0.03306550
2096.00000000 0.53413693 0.15631195 1.08278459 -0.04894130 0.95199501 0.01968319 -0.30153410
2096.00000000 0.44083489 0.06423476 0.26755889 0.04081873 -0.29083633 0.02002486 0.95569193
2096.00000000 0.42810800 0.06920923 0.31733934 0.04088100 -0.28860195 0.01979906 0.95637109
2096.00000000 0.01697555 0.05782003 0.50462260 -0.09467690 0.54566255 -0.01520105 0.83250081
2096.00000000 0.12629025 0.06381421 0.44162753 -0.16541731 0.41581123 0.04359914 0.89321736
2096.00000000 0.14982351 0.04950411 0.33901713 -0.00686286 0.20990127 -0.01620936 0.97756412
2096.00000000 0.33094639 0.06041283 0.29958955 -0.00029221 -0.12316777 0.00884354 0.99234641
2096.00000000 0.02715237 0.04792732 0.43009520 -0.05662459 0.43799641 -0.06504737 0.89483051
2096.00000000 0.16801858 0.06538518 0.39988666 -0.15833932 0.32813730 0.03879958 0.93045643
2096.00000000 0.21652072 0.05060421 0.29730930 0.01718248 0.06007010 -0.02039261 0.99783791
2096.00000000 0.54552634 0.12156001 0.75771359 -0.07732498 0.87181488 -0.06319429 -0.47954786
2096.00000000 0.67131020 0.11892479 0.71737723 0.01562517 0.80090472 -0.03523593 -0.59754992
2096.00000000 0.54123251 0.10281232 0.46783984 -0.07996852 -0.50725467 -0.01141863 0.85800195
2096.00000000 0.64903230 0.11984129 0.60417470 0.01086873 0.78887838 -0.02437784 -0.61396945
2096.00000000 0.36077052 0.11104096 0.88322782 -0.12763118 0.97114488 -0.15096020 -0.13341257
2096.00000000 0.30132757 0.06874423 0.34541339 -0.13755055 0.04362511 0.02962371 0.98909005
2096.00000000 0.65516110 0.11722290 0.57633750 0.02426597 0.73303536 -0.01850562 -0.67950560
2096.00000000 0.49183241 0.11747689 0.80796808 -0.09476082 0.91235259 -0.10095026 -0.38528195
2096.00000000 0.07180061 0.07579205 0.71840605 -0.07295055 0.81909555 -0.07542426 0.56397862
2096.00000000 0.30634005 0.10796591 0.86384924 -0.09877188 0.99207370 -0.07765376 0.00194746
2096.00000000 0.39909532 0.07939084 0.35692759 -0.11774492 -0.16324673 -0.00410483 0.97952529
2096.00000000 0.29103813 0.10606043 0.87742428 -0.10601076 0.98527785 -0.13380250 -0.00928312
2096.00000000 0.06939180 0.04673744 0.38725640 -0.03726130 0.34587154 -0.05430676 0.93596755
2096.00000000 0.06199736 0.05611965 0.42879498 -0.14116351 0.42986069 0.01605707 0.89164725
2096.00000000 0.37428506 0.11306412 0.87801791 -0.12018719 0.97122215 -0.13295264 -0.15686357
2096.00000000 0.62201063 0.10154280 0.50747916 0.09554666 -0.61330542 0.06904401 0.78099950
2096.00000000 0.15390887 0.09236183 0.85819437 -0.09403591 0.96422672 -0.08525522 0.23271361
2096.00000000 0.61801022 0.11419217 0.66139203 -0.01198239 0.79366757 -0.00830201 -0.60817702
2096.00000000 0.60515421 0.10261487 0.44918848 -0.02919884 -0.54934600 0.02510368 0.83470726
2096.00000000 0.12056829 0.09374760 0.78200921 -0.11701703 0.89352204 0.02467841 0.43280059
2096.00000000 0.11173953 0.08747363 0.78609662 -0.09549468 0.89358965 -0.07569887 0.43202775
2096.00000000 0.11848423 0.04806650 0.36473342 -0.02518614 0.26180772 -0.01900965 0.96460407
2096.00000000 0.14917926 0.04688825 0.32687189 -0.00381997 0.17239921 -0.03152603 0.98451512
2096.00000000 0.12949642 0.04756531 0.35690157 -0.01279494 0.24806195 -0.01603266 0.96852698
2096.00000000 0.07929359 0.06815257 0.54696940 -0.15274575 0.61834088 0.04074740 0.76984605
2096.00000000 -0.00121836 0.07972987 0.71076010 -0.15154271 0.61547285 0.04185857 0.77231848
2096.00000000 -0.01806676 0.09667272 1.00667785 -0.10547357 0.90418617 -0.10076251 0.40145936
2096.00000000 0.61628814 0.13020314 0.74453681 0.06587397 -0.68958724 0.06784556 0.71800212
2096.00000000 0.36218881 0.14552451 1.11622786 -0.06964343 0.98819397 0.02893240 -0.13336189
2096.00000000 -0.05274699 0.08906891 0.95342324 -0.09014169 0.85315202 -0.09218995 0.50547712
2096.00000000 0.57411108 0.11149653 0.61190776 0.07576160 -0.54759631 0.06338195 0.83089180
2096.00000000 0.22334682 0.07035578 0.43283082 0.01867641 -0.04090910 0.00380032 0.99898108
2096.00000000 0.61820708 0.14221390 0.79748935 0.00101057 0.74314643 0.00213275 -0.66912466
2096.00000000 0.60058734 0.11970118 0.66950031 0.08790364 -0.60691242 0.08341965 0.78547529
2096.00000000 -0.03617739 0.09368110 0.98026230 -0.09926929 0.87387489 -0.11849462 0.46092008
2096.00000000 -0.07573043 0.08678943 0.92872301 -0.08939525 0.83170550 -0.08271395 0.54169443
