2096.00000000 0.00004329 -0.00001768 -0.00005057 -0.00002864 -0.00008576 0.00004157 1.00000000
2096.00000000 -0.26747888 0.02346260 0.27037174 -0.16692479 0.34227397 0.03636189 0.92393856
2096.00000000 -0.03095484 0.14933749 1.46132386 -0.08528098 0.98633311 0.04765293 0.13267764
2096.00000000 -0.41643277 0.08573925 1.12435389 -0.13561590 0.86362277 0.04930099 0.48304602
2096.00000000 0.38241369 0.07403944 0.16573776 -0.11763138 -0.19411796 0.00276436 0.97389601
2096.00000000 0.60524154 0.10650060 0.32775831 -0.09841638 -0.41176291 0.00180719 0.90595930
2096.00000000 0.24919324 0.05473430 0.11251734 -0.12966050 -0.07939549 0.01139935 0.98830894
2096.00000000 0.87283337 0.19833383 0.99203479 0.02233537 0.82968086 0.03934397 -0.55640170
2096.00000000 0.21401767 0.05105549 0.10622236 -0.12903672 -0.05056729 0.00942244 0.99030485
2096.00000000 0.63699335 0.17722471 1.20067155 -0.03367654 0.91352405 0.00009985 -0.40538833
2096.00000000 0.78317297 0.10573877 0.27488622 0.00356713 -0.50086622 0.02425445 0.86517745
2096.00000000 -0.14160091 -0.00908117 0.04326105 -0.00632176 0.09592390 -0.00997021 0.99531866
2096.00000000 -0.14195102 0.02994885 0.20421749 -0.15627372 0.24403144 0.02552209 0.95675274
2096.00000000 -0.30859736 0.10220253 1.39620924 -0.08724570 0.95844168 -0.09045086 0.25611791
2096.00000000 0.80286729 0.11248576 0.30473667 -0.00391732 -0.52354034 0.01747301 0.85181269
2096.00000000 0.79553950 0.19212551 1.16216540 -0.02466616 0.86755950 0.01012861 -0.49661807
2096.00000000 -0.34988818 0.10043359 1.24998951 -0.11630881 0.90266668 0.03371604 0.41295079
2096.00000000 1.01916909 0.15498516 1.03974295 0.00136463 0.77238568 -0.04294141 -0.63369909
2096.00000000 0.46300021 0.17868158 1.32311988 -0.05429270 0.95461404 0.00454347 -0.29282023
2096.00000000 0.32263932 0.03305713 0.02214843 0.02323396 -0.21614408 0.01573375 0.97595818
2096.00000000 0.23340705 0.17272735 1.52194095 -0.05580819 0.99621148 0.02572542 -0.06153329
2096.00000000 0.37717319 0.18895812 1.50451183 -0.06478856 0.98436664 0.02922019 -0.16115503
2096.00000000 0.91867912 0.14029106 0.63693070 0.07417410 -0.66866835 0.07749858 0.73578177
2096.00000000 0.83851510 0.11053255 0.41011649 0.08325883 -0.55861690 0.06393571 0.82275595
2096.00000000 -0.55534518 0.00688017 0.38318318 -0.12131845 0.46118102 0.00682390 0.87894672
2096.00000000 0.94250053 0.18377775 0.86649942 0.01655149 0.80181311 0.00436737 -0.59732965
2096.00000000 0.60092437 0.06963916 0.13316196 0.05532906 -0.37581883 0.03909451 0.92421346
2096.00000000 -0.67749619 0.03575096 0.97625113 -0.09959470 0.77971887 -0.07642861 0.61341506
2096.00000000 0.27355325 0.15436080 1.42283499 -0.08201289 0.98207848 -0.06555645 -0.15651867
2096.00000000 -0.44651231 0.00034556 0.23227705 -0.13529365 0.33729317 0.00334482 0.93162104
2096.00000000 0.72953844 0.17948464 1.08293438 -0.01759151 0.87042384 0.00034250 -0.49198858
2096.00000000 -0.72661430 0.02043164 0.76617080 -0.13158523 0.69837963 0.00613977 0.70350090
2096.00000000 -0.08927479 0.11853077 1.40392184 -0.09807367 0.97697735 -0.09964968 0.16114201
2096.00000000 -0.08928900 0.11848438 1.40390351 -0.09800793 0.97697029 -0.09958740 0.16126327
2096.00000000 0.21540311 0.06528099 0.42503479 0.03914187 -0.24234607 0.01157539 0.96933085
2096.00000000 -0.52816979 0.05823582 1.02446570 -0.10022414 0.73969323 -0.04249218 0.66408091
2096.00000000 0.26949489 0.14827446 1.40348783 -0.11896146 0.95513154 -0.11019044 -0.24785071
2096.00000000 -0.33692858 0.05790034 0.76678327 -0.15954739 0.52629946 0.03577282 0.83443023
2096.00000000 0.47714942 0.16135268 1.19149687 -0.00835033 0.87794297 0.00099513 -0.47869137
2096.00000000 -0.07324890 0.12562355 1.45069560 -0.09666543 0.98859708 -0.07864357 0.08453879
2096.00000000 -0.12013188 0.11779645 1.43241854 -0.08945690 0.98377717 -0.07995179 0.13337033
2096.00000000 0.56390739 0.12200689 0.65548778 -0.01508940 -0.54428908 0.02031504 0.83851596
2096.00000000 0.11089636 0.04748319 0.40755323 0.00915786 -0.14488435 0.00210200 0.98940398
2096.00000000 0.51641733 0.13293342 0.77369912 -0.08095955 -0.56957986 -0.00475511 0.81792526
2096.00000000 -0.43494908 0.02417120 0.62444707 -0.04878248 0.41552372 -0.06328935 0.90606554
2096.00000000 0.35734001 0.08144912 0.47045455 0.05067059 -0.33811172 0.02543664 0.93939658
2096.00000000 -0.22500157 0.10355049 1.34642620 -0.09344023 0.94229437 -0.08724310 0.30941701
2096.00000000 0.56555245 0.16462605 1.13137257 -0.01887450 0.81090167 -0.00953851 -0.58480018
2096.00000000 0.66032219 0.14490909 0.82550960 -0.03443997 -0.67273432 0.00539984 0.73906242
2096.00000000 -0.08528813 0.06129596 0.51811839 -0.13533854 0.19176072 0.02270284 0.97180033
2096.00000000 0.56959980 0.17778490 1.14393034 0.02470466 0.84728262 0.06681905 -0.52634311
2096.00000000 -0.25733687 0.02364958 0.47449869 -0.00435348 0.20267904 -0.03333807 0.97866788
2096.00000000 -0.03162981 0.03731378 0.40508546 0.01947603 0.00019852 0.00749963 0.99978218
2096.00000000 -0.20924645 0.02728093 0.46480862 -0.00928630 0.19103318 -0.01911001 0.98135360
2096.00000000 -0.34721397 0.09168610 1.15043596 -0.13964850 0.83836085 0.04564995 0.52494330
2096.00000000 0.66812382 0.15025419 0.84954051 -0.02322518 -0.69003671 -0.00568644 0.72337929
2096.00000000 0.16998060 0.05434531 0.41011640 0.01865340 -0.18851341 0.00168146 0.98189201
2096.00000000 -0.52544556 0.05342182 0.84875912 -0.13673025 0.64111800 0.02330972 0.75480408
2096.00000000 0.55026303 0.13804624 0.81192147 -0.07467123 -0.61255234 -0.01663501 0.78671921
2096.00000000 -0.47640116 0.03642135 0.70765320 -0.11005937 0.50181363 -0.00222931 0.85794234
2096.00000000 -0.47401442 0.04658144 0.82385739 -0.09481233 0.58928151 -0.02112339 0.80206716
2096.00000000 0.61445122 0.16518994 1.07262315 0.05527124 0.76854099 0.02945149 -0.63672793
2096.00000000 0.59563481 0.15381802 1.06622713 -0.01360186 0.80124844 -0.01199150 -0.59805696
2096.00000000 -0.33460166 0.09763596 1.17188139 -0.13457681 0.85257116 0.04447199 0.50302460
2096.00000000 0.67318980 0.15198763 0.92328210 0.01275007 0.75321273 -0.02867470 -0.65702800
2096.00000000 -0.40585263 0.06896190 1.11394099 -0.06851539 0.79069757 -0.07151411 0.60414296
2096.00000000 -0.40589066 0.06893937 1.11394303 -0.06850918 0.79068497 -0.07147197 0.60416515
2096.00000000 -0.46401213 0.03125833 0.67752469 -0.06446675 0.45806428 -0.05506353 0.88486675
2096.00000000 -0.48428163 0.05062678 0.88143036 -0.08818210 0.62880655 -0.03867910 0.77157641
2096.00000000 0.35622913 0.15609953 1.27163434 -0.05056142 0.93186342 -0.00010771 -0.35926884
2096.00000000 0.20166444 0.14754421 1.37602886 -0.08166880 0.97567476 -0.03032309 -0.20117026
2096.00000000 0.44826841 0.12361979 0.75268162 -0.08069219 -0.53954464 -0.00721999 0.83805025
2096.00000000 -0.48307255 0.04974854 0.92950345 -0.08263962 0.67122788 -0.05447521 0.73461301
2096.00000000 -0.36114707 0.06525244 0.87909019 -0.14738384 0.63823051 0.03244693 0.75490861
2096.00000000 -0.30236648 0.05852240 0.71771748 -0.15388922 0.45425566 0.02668963 0.87707329
2096.00000000 0.46311694 0.15785064 1.19913609 -0.04718961 0.86717869 -0.03518697 -0.49450595
2096.00000000 -0.52886941 0.05820900 0.93164618 -0.13632833 0.68084834 0.00354804 0.71961624
2096.00000000 -0.06188897 0.12664246 1.44051149 -0.09762131 0.99004164 -0.08076872 0.06135178
2096.00000000 -0.29071348 0.09941195 1.35683477 -0.09351529 0.93882894 -0.08864179 0.31937084
2096.00000000 -0.32962287 0.03581673 0.56863191 -0.10254870 0.30439803 0.00108926 0.94700814
2096.00000000 -0.51183757 0.05947988 1.05220329 -0.09576336 0.75148174 -0.05440645 0.65049559
2096.00000000 0.55940553 0.12649701 0.71749477 -0.03221158 -0.56261633 0.01346077 0.82598068
2096.00000000 0.56220008 0.16644098 1.01236764 0.04383983 0.75710600 0.03683389 -0.65077788
2096.00000000 0.07737012 0.15212506 1.47286814 -0.07365828 0.99679080 0.02283883 -0.02146973
2096.00000000 -0.28169255 0.09592045 1.28793081 -0.09722923 0.90559659 -0.06699347 0.40737350
2096.00000000 0.38643815 0.14902269 1.29332767 -0.09889371 0.90225357 -0.10481733 -0.40641341
2096.00000000 0.22180483 0.14318215 1.39887979 -0.10985466 0.95970364 -0.11555884 -0.23140232
2096.00000000 -0.34844471 0.06257385 0.80387824 -0.15291715 0.55571497 0.03638471 0.81637820
2096.00000000 -0.37651824 0.07429594 0.97906246 -0.14656163 0.73207564 0.02937257 0.66462184
2096.00000000 -0.39915994 0.04494930 0.67622361 -0.13567937 0.44654988 0.00991303 0.88435629
2096.00000000 0.44986878 0.09673663 0.57614089 0.00824748 -0.46637051 0.02243613 0.88426645
2096.00000000 -0.44779909 0.04242910 0.73488515 -0.11228690 0.51099576 0.00303632 0.85221228
2096.00000000 0.38941734 0.08159065 0.55712931 0.05049356 -0.41278210 0.04437948 0.90834564
2096.00000000 -0.16630754 0.12419488 1.38358348 -0.10808986 0.95567671 0.02186974 0.27298411
2096.00000000 -0.14456644 0.03060458 0.43753157 0.00885002 0.07882572 -0.02138978 0.99661962
2096.00000000 0.42709857 0.15792943 1.20323024 -0.01850265 0.89017503 0.00010175 -0.45524286
2096.00000000 -0.36242558 0.08677088 1.10563220 -0.14209831 0.81116613 0.03407959 0.56626510
2096.00000000 0.47453946 0.09535146 0.64008608 0.06185757 -0.49980421 0.05027193 0.86246283
2096.00000000 -0.03829050 0.12805714 1.44397617 -0.10802926 0.99005037 -0.08044294 0.04072932
2096.00000000 -0.03829659 0.12803473 1.44390121 -0.10797058 0.99005637 -0.08040395 0.04081598
2096.00000000 0.20743062 0.15254940 1.37698118 -0.07518693 0.97297416 -0.01105122 -0.21805063
2096.00000000 0.38294395 0.08886580 0.61708051 0.06780539 -0.42523659 0.04007394 0.90164868
2096.00000000 0.50191025 0.13819520 0.89866938 -0.06342359 -0.66052520 -0.02117551 0.74782050
2096.00000000 -0.49448561 0.05521317 0.86979056 -0.13532090 0.62034482 0.02149466 0.77226844
2096.00000000 -0.01571883 0.14345673 1.45475507 -0.08446374 0.99234616 0.02720692 0.08587647
2096.00000000 0.51585718 0.15667804 1.10711952 -0.01020687 0.80382042 -0.01776196 -0.59451919
2096.00000000 0.40986308 0.14845237 1.25479763 -0.09399089 0.87280314 -0.07671336 -0.47275306
2096.00000000 0.04475282 0.04983494 0.49213208 0.01163692 -0.09865962 0.00050189 0.99505307
2096.00000000 0.24758736 0.07309652 0.52668729 0.03917707 -0.28977730 0.02811199 0.95587865
2096.00000000 -0.34994954 0.08075801 1.07787495 -0.14141763 0.78495368 0.02827846 0.60253556
2096.00000000 0.42987174 0.16745880 1.28662281 -0.02875187 0.89448045 0.01502015 -0.44592876
2096.00000000 -0.17737062 0.03353506 0.53329045 -0.01130216 0.15868642 -0.01787079 0.98710259
2096.00000000 -0.19677091 0.11989791 1.35700637 -0.10409020 0.94311424 0.02788973 0.31452015
2096.00000000 -0.06586952 0.03519349 0.48598481 0.01662937 0.01903437 -0.01340912 0.99959059
2096.00000000 0.56064642 0.16216709 1.08708675 0.01510019 0.81120990 0.02771389 -0.58390275
2096.00000000 0.55217540 0.15152056 0.97201434 -0.01075013 0.71206162 -0.03626833 -0.70109720
2096.00000000 0.27510792 0.09473327 0.62757364 -0.10531788 -0.28884646 0.00069747 0.95156470
2096.00000000 0.35497460 0.16915538 1.37758199 -0.04288282 0.94221727 0.01902583 -0.33170120
2096.00000000 -0.27164081 0.06056804 0.73909681 -0.16123743 0.43705053 0.03631385 0.88412139
2096.00000000 -0.02191527 0.03775701 0.48493205 0.00920752 -0.01817200 -0.00438061 0.99978288
2096.00000000 -0.05619512 0.12325212 1.41530900 -0.10065101 0.98559910 -0.08514008 0.10590069
2096.00000000 0.18635385 0.14272344 1.41549844 -0.09919543 0.96629368 -0.11444508 -0.20818047
2096.00000000 0.40031653 0.11465463 0.73813467 -0.09299925 -0.47506879 -0.01009906 0.87496216
2096.00000000 0.25374314 0.16836652 1.43726954 -0.04800400 0.97635847 0.02325400 -0.20947317
2096.00000000 -0.31890992 0.08907311 1.25216088 -0.10231408 0.86651118 -0.07727991 0.48240855
2096.00000000 -0.08451268 0.13954291 1.43348378 -0.09998105 0.98176054 0.04140164 0.15631996
2096.00000000 -0.35102570 0.07106650 0.93332833 -0.13956049 0.66589635 0.03192230 0.73217886
2096.00000000 0.53960232 0.15168962 1.02919961 0.05428953 0.75048984 0.02201130 -0.65828045
2096.00000000 -0.49035616 0.05285906 0.84492304 -0.14456176 0.59888247 0.01838083 0.78746671
2096.00000000 0.10106831 0.13868670 1.42574505 -0.09514728 0.98779512 -0.06782938 -0.10299018
2096.00000000 0.47042315 0.13139822 0.83633037 -0.07661334 -0.58819647 -0.01177431 0.80499483
2096.00000000 0.26968560 0.14844142 1.38013606 -0.10394637 0.94585584 -0.09522832 -0.29237553
2096.00000000 0.26966035 0.14842993 1.38015429 -0.10390245 0.94588021 -0.09520279 -0.29232062
2096.00000000 0.57335033 0.13962860 0.86556708 -0.02027143 -0.65398520 -0.00785132 0.75619493
2096.00000000 -0.00074667 0.06715843 0.59523398 -0.12788626 0.06953520 0.02427325 0.98905044
2096.00000000 -0.27861842 0.03377130 0.58678072 -0.02028535 0.24151313 -0.04175200 0.96928669
2096.00000000 0.55242797 0.12685684 0.88489928 0.08071893 -0.63825706 0.08624419 0.76070646
2096.00000000 0.45354312 0.10505498 0.66210812 0.01456428 -0.47945701 0.01849713 0.87724952
2096.00000000 -0.19544404 0.10844271 1.36330419 -0.10491459 0.95205322 -0.08296906 0.27514309
2096.00000000 -0.40093548 0.06722641 1.10209355 -0.07831532 0.75810577 -0.07005062 0.64361111
2096.00000000 0.01050501 0.14798620 1.46248843 -0.08192291 0.99478880 0.02387793 0.05580071
2096.00000000 0.06140843 0.13794384 1.42316522 -0.10147703 0.99094792 -0.08112331 -0.03381786
2096.00000000 0.46349543 0.10305884 0.71027954 0.06546826 -0.50873944 0.04170802 0.85741386
2096.00000000 0.56696870 0.12636873 1.07556209 -0.00516004 0.74903581 -0.05756174 -0.66000407
2096.00000000 0.29070477 0.09944578 0.66622087 -0.09797675 -0.32465872 -0.00118311 0.94074219
2096.00000000 0.52646547 0.15139858 1.01969650 0.05720640 0.73776761 0.01971951 -0.67233735
2096.00000000 -0.22377106 0.11559522 1.33164708 -0.11270213 0.92572401 0.02319053 0.36027141
2096.00000000 0.04347646 0.07059211 0.58248798 -0.13524739 0.02022348 0.01947999 0.99041389
2096.00000000 0.16022315 0.06432228 0.51272454 0.02131641 -0.20668419 0.00872824 0.97813653
2096.00000000 -0.44633657 0.07211515 1.17412481 -0.10344942 0.80963350 -0.07196429 0.57324772
2096.00000000 -0.22185915 0.06468729 0.70645925 -0.15994813 0.37605828 0.04092843 0.91176841
2096.00000000 0.47624591 0.16617473 1.14148935 0.02679966 0.82861322 0.03538496 -0.55805897
2096.00000000 -0.43832080 0.05508285 0.90873368 -0.09268387 0.60902615 -0.03058722 0.78712214
2096.00000000 0.24761697 0.07321042 0.55495278 0.05035868 -0.28859467 0.01867562 0.95594369
2096.00000000 0.13246391 0.07988809 0.58944352 -0.12152056 -0.09803235 0.00344196 0.98773001
2096.00000000 0.22853211 0.15527693 1.36944571 -0.05951400 0.96639354 0.01093452 -0.24984406
2096.00000000 -0.08601260 0.04538872 0.53333941 -0.01235626 0.06583206 0.00198194 0.99775224
2096.00000000 0.51287564 0.16851059 1.06618243 0.03444536 0.77499602 0.04370216 -0.62951156
2096.00000000 0.40445073 0.09646896 0.62349336 0.01086283 -0.44230323 0.03529785 0.89610486
2096.00000000 -0.32664978 0.08769080 1.21815497 -0.09123946 0.83814966 -0.07669251 0.53225818
2096.00000000 0.42668342 0.09712094 0.68453270 0.06329327 -0.47900575 0.04644732 0.87429406
2096.00000000 -0.17549191 0.11347345 1.37092329 -0.10572106 0.95941295 -0.07885384 0.24926277
2096.00000000 0.02784691 0.05031795 0.49168434 0.01364960 -0.08930791 -0.00243179 0.99590756
2096.00000000 0.48282882 0.16642303 1.12215096 0.03248910 0.81736118 0.02241976 -0.57477171
2096.00000000 0.48621363 0.16727587 1.22071599 -0.01446718 0.86065726 0.00912794 -0.50889730
2096.00000000 0.48620495 0.16729347 1.22070733 -0.01444003 0.86067945 0.00906917 -0.50886160
2096.00000000 0.38005103 0.08695190 0.56922201 0.03334660 -0.42022392 0.03893013 0.90597147
2096.00000000 0.20233574 0.08977626 0.57960998 -0.11927002 -0.20898799 -0.00268747 0.97061396
2096.00000000 -0.18016113 0.11638747 1.43574279 -0.08281668 0.98154094 -0.08068967 0.15234155
2096.00000000 0.25860053 0.16744865 1.43848972 -0.03958594 0.97063502 0.02696319 -0.23574052
2096.00000000 0.24761946 0.09039406 0.59243933 -0.11018440 -0.26209957 -0.00261591 0.95872643
2096.00000000 0.26785122 0.15742394 1.33633037 -0.04131005 0.95084098 0.00605050 -0.30685224
2096.00000000 -0.01287040 0.13312112 1.43291308 -0.09084506 0.99259963 -0.07775126 0.02116340
2096.00000000 0.32149737 0.10396514 0.66114591 -0.10151778 -0.37219594 0.00074514 0.92258537
2096.00000000 -0.39466355 0.07652451 1.03207176 -0.14513039 0.75608577 0.04220366 0.63678122
2096.00000000 0.03219766 0.13111171 1.45448618 -0.13213780 0.97431762 -0.17211128 -0.06018701
2096.00000000 -0.23860014 0.03013087 0.52406737 -0.00649170 0.15814119 -0.01840418 0.98722364
2096.00000000 -0.49165257 0.05325954 1.00369324 -0.06553851 0.70417766 -0.05886695 0.70453759
2096.00000000 0.25252286 0.07247626 0.51468360 0.04401888 -0.29658008 0.02976249 0.95352860
2096.00000000 0.54729635 0.14540397 0.94531903 0.02476383 -0.69980468 0.05394011 0.71186419
2096.00000000 0.46018330 0.16300454 1.15735594 0.01434200 0.84247982 0.03196375 -0.53758756
2096.00000000 -0.47785157 0.04362755 0.79716297 -0.10152539 0.53286259 -0.00676943 0.84006204
2096.00000000 0.50249572 0.16678755 1.07482639 0.03989771 0.79534258 0.04348917 -0.60328024
2096.00000000 0.31768267 0.07837072 0.55527525 0.04829224 -0.36394583 0.03684910 0.92943716
2096.00000000 0.49870111 0.14218122 0.91790443 -0.04929041 -0.68064361 -0.02071733 0.73066102
2096.00000000 0.47835000 0.15948645 1.17152965 -0.02047097 0.82288327 -0.01084548 -0.56773800
2096.00000000 -0.47293060 0.06012792 1.05014012 -0.07191968 0.72258592 -0.07765745 0.68312991
2096.00000000 0.51816016 0.14921530 0.98703217 0.06212577 0.72430450 0.01583031 -0.68649310
2096.00000000 0.27991076 0.16662733 1.42502485 -0.04781522 0.96630064 0.02517637 -0.25168023
2096.00000000 -0.46105579 0.07827605 1.22993137 -0.08337698 0.84727309 -0.07989853 0.51845233
2096.00000000 0.27825541 0.14820489 1.37967660 -0.11135000 0.93705083 -0.08826130 -0.31897784
2096.00000000 0.38955464 0.17205424 1.33706459 -0.02180871 0.91564461 0.02375382 -0.40069325
2096.00000000 0.28595182 0.15533451 1.32060107 -0.04049020 0.94746528 0.00313887 -0.31726997
2096.00000000 0.45892729 0.16839614 1.26413354 -0.02083041 0.87534160 0.01434726 -0.48284297
2096.00000000 0.31801314 0.07906648 0.53631330 0.04286542 -0.34924406 0.03364610 0.93544593
2096.00000000 0.56547405 0.13388546 0.79572585 -0.03738734 -0.60294143 0.01182354 0.79682120
2096.00000000 -0.35283770 0.09797001 1.34823120 -0.09667172 0.92490520 -0.09168933 0.35608710
2096.00000000 0.07198451 0.15685729 1.49365987 -0.06650358 0.99634972 0.02731591 -0.04602545
2096.00000000 0.07202783 0.15685848 1.49366609 -0.06649452 0.99635295 0.02730018 -0.04597794
2096.00000000 -0.39376177 0.07482346 1.17908750 -0.07281753 0.80367169 -0.07695415 0.58556594
2096.00000000 -0.14803371 0.13186145 1.43934689 -0.10659914 0.96963395 0.03718307 0.21694248
2096.00000000 -0.09549435 0.06269189 0.60628776 -0.13779220 0.15187548 0.01997934 0.97854380
2096.00000000 -0.48648872 0.04453526 0.81175425 -0.14825340 0.52595812 0.02008586 0.83724879
2096.00000000 0.54017989 0.13140913 0.81719942 -0.03594807 -0.59155520 0.00614474 0.80543927
2096.00000000 0.08731193 0.06029190 0.52872801 0.01958089 -0.16745791 0.02302958 0.98541569
2096.00000000 0.58540121 0.14321366 1.18133218 -0.00002546 0.77193339 -0.03797580 -0.63456811
2096.00000000 0.36802840 0.09444932 0.66136693 0.07425011 -0.43992552 0.03815183 0.89414590
2096.00000000 -0.35290821 0.08835473 1.25842272 -0.09837260 0.85302647 -0.07515783 0.50697138
2096.00000000 0.18926288 0.07286782 0.56202662 0.03881564 -0.25927411 0.02445855 0.96471346
2096.00000000 0.02673646 0.05607531 0.50600761 0.02194654 -0.10921344 0.00927535 0.99373273
2096.00000000 0.01185818 0.12901697 1.46220098 -0.11778494 0.97920255 -0.16102031 -0.03689906
2096.00000000 -0.16184914 0.11563163 1.40429402 -0.09527593 0.97201737 -0.07785637 0.20010774
2096.00000000 -0.44927410 0.06253451 1.09601060 -0.07732691 0.74049330 -0.07954199 0.66284485
2096.00000000 0.56140946 0.13945039 1.14065173 0.01266016 0.75906623 -0.04750083 -0.64915472
2096.00000000 -0.49626923 0.04978425 0.83165000 -0.15789509 0.55236371 0.03073780 0.81793561
2096.00000000 -0.18564524 0.03506456 0.53122434 -0.00197539 0.10786189 -0.01932570 0.99397607
2096.00000000 -0.27631199 0.09938721 1.33700326 -0.09860947 0.91484282 -0.07732670 0.38387415
2096.00000000 -0.02633182 0.05462327 0.52367702 0.00823311 -0.02555152 0.00414779 0.99963100
2096.00000000 0.27680535 0.08371431 0.59982844 0.04708334 -0.34637574 0.03946094 0.93608218
2096.00000000 -0.31830072 0.09900859 1.37199960 -0.08833639 0.93237130 -0.08587059 0.33986275
2096.00000000 -0.36475724 0.04553083 0.68781588 -0.13898561 0.38142084 0.01643747 0.91374556
2096.00000000 0.55583007 0.13343672 1.11978571 0.02198849 0.75382332 -0.05076463 -0.65474412
2096.00000000 -0.13988610 0.11556222 1.40978650 -0.09794769 0.97331787 -0.09341878 0.18528765
2096.00000000 -0.31059629 0.10294139 1.27783485 -0.12623206 0.88198837 0.03409203 0.45276895
2096.00000000 0.35532717 0.15100685 1.31238069 -0.10570201 0.89053659 -0.10782154 -0.42912257
2096.00000000 0.25910892 0.08016307 0.59324566 0.04976930 -0.32930352 0.03973789 0.94207383
2096.00000000 -0.47967610 0.05481035 1.00944828 -0.07886203 0.68715557 -0.05832052 0.71985882
2096.00000000 -0.34134279 0.05906731 0.82328716 -0.16078082 0.50379259 0.03493765 0.84801056
2096.00000000 -0.35422462 0.03050125 0.62416176 -0.02966056 0.29719675 -0.04122364 0.95346471
2096.00000000 -0.13467869 0.04035393 0.54764410 -0.01133183 0.08582834 -0.00310478 0.99624066
2096.00000000 -0.23778523 0.11927487 1.36655905 -0.11070036 0.93483851 0.03208286 0.33584680
2096.00000000 -0.23777777 0.11927739 1.36655780 -0.11069235 0.93482436 0.03206420 0.33589063
2096.00000000 0.31421523 0.16804461 1.38716422 -0.04027798 0.93284911 0.03000464 -0.35674913
2096.00000000 -0.07823587 0.06705210 0.64449544 -0.13717943 0.11812299 0.02808928 0.98307668
2096.00000000 0.47988288 0.15399943 1.11278244 0.05826844 0.75564684 0.02011539 -0.65207210
2096.00000000 0.07985360 0.14335344 1.43617135 -0.09121806 0.98364663 -0.07130470 -0.13796454
2096.00000000 -0.50374064 0.05921387 0.98585678 -0.14346912 0.65734482 0.01745458 0.73960107
2096.00000000 -0.17187439 0.12920360 1.42430813 -0.10885540 0.96376550 0.02528000 0.24221371
2096.00000000 -0.32562048 0.03731347 0.65064407 -0.02750840 0.26626566 -0.04621372 0.96239814
2096.00000000 -0.22330939 0.11290987 1.42787013 -0.10012855 0.97061441 -0.08276613 0.20256284
2096.00000000 -0.51205274 0.06286389 1.07494081 -0.11436697 0.72442726 -0.03800380 0.67873489
2096.00000000 -0.37513416 0.07457619 1.02881064 -0.15202658 0.70518037 0.02824291 0.69196164
2096.00000000 0.29446568 0.15526866 1.29972574 -0.03657715 0.92054604 -0.00365768 -0.38890066
2096.00000000 0.42727071 0.11535392 0.83221578 0.08577406 -0.56352887 0.06616687 0.81896274
2096.00000000 0.09436446 0.06467279 0.58495401 0.01836608 -0.19104305 0.02459157 0.98110167
2096.00000000 0.40273908 0.15772693 1.21182129 -0.03016929 0.84212177 -0.01543372 -0.53822165
2096.00000000 0.05515614 0.13500173 1.46001520 -0.12728794 0.96950077 -0.17189021 -0.11966535
2096.00000000 -0.06843873 0.12822645 1.43566025 -0.09729202 0.98832984 -0.08587296 0.07977607
2096.00000000 -0.38097153 0.09135327 1.31784427 -0.09718219 0.89405411 -0.10401321 0.42474006
2096.00000000 0.50004147 0.15850453 1.10390474 0.01215662 0.80052022 0.01131593 -0.59907558
2096.00000000 -0.47141697 0.07411023 1.17855099 -0.10187343 0.79863917 -0.07859722 0.58789434
2096.00000000 0.15604845 0.06898864 0.59636846 0.02651926 -0.25045522 0.02303993 0.96749061
2096.00000000 0.44764722 0.16946454 1.17581711 0.01789079 0.83781389 0.05632424 -0.54274800
2096.00000000 -0.17829737 0.06418861 0.70131178 -0.15968238 0.27155225 0.02640155 0.94871696
2096.00000000 0.02988158 0.05721111 0.56583525 0.02941579 -0.12892309 0.01457207 0.99111110
2096.00000000 0.35896788 0.16652555 1.33166806 -0.02359069 0.90418404 0.02490460 -0.42576338
2096.00000000 -0.38679069 0.03878270 0.71677390 -0.04115816 0.36465345 -0.06079595 0.92824443
2096.00000000 -0.36060965 0.08763215 1.14004089 -0.14120411 0.79310189 0.02447431 0.59198970
2096.00000000 0.12000058 0.16000721 1.48275682 -0.07409725 0.99150705 0.02062132 -0.10487193
2096.00000000 0.43828306 0.14196738 0.99443729 -0.05913138 -0.69391006 -0.02009858 0.71734814
2096.00000000 0.24944960 0.15022435 1.37467517 -0.10640132 0.92464602 -0.09645586 -0.35271060
2096.00000000 -0.01092614 0.14748676 1.48797588 -0.07856885 0.99615777 0.02810040 0.02658945
2096.00000000 0.27815605 0.16774756 1.41411030 -0.04867379 0.94999240 0.01684389 -0.30799608
2096.00000000 0.17440978 0.07060239 0.60136757 0.03838028 -0.28392765 0.02242728 0.95781473
2096.00000000 0.17444879 0.07059708 0.60136363 0.03835303 -0.28400218 0.02244608 0.95779329
2096.00000000 -0.22813052 0.05867144 0.78963866 -0.09910455 0.54974584 -0.01410761 0.82931223
2096.00000000 -0.12093529 0.06485682 0.72623303 -0.16893490 0.41953322 0.04529851 0.89073056
2096.00000000 -0.09888509 0.05036716 0.62532512 -0.01077441 0.21463742 -0.01417911 0.97653144
2096.00000000 0.07876026 0.06158398 0.58421204 -0.00335524 -0.11814630 0.01104240 0.99292913
2096.00000000 -0.21904640 0.04876573 0.71680637 -0.06130507 0.44272537 -0.06380923 0.89228040
2096.00000000 -0.08015085 0.06629035 0.68469347 -0.16191346 0.33162688 0.04071844 0.92852014
2096.00000000 -0.03377080 0.05161541 0.58316692 0.01343251 0.06478659 -0.01843606 0.99763840
2096.00000000 0.29293107 0.12537987 1.03272382 -0.07818294 0.86924319 -0.06656676 -0.48360373
2096.00000000 0.41698370 0.12332569 0.99202146 0.01520130 0.79793107 -0.03904119 -0.60129087
2096.00000000 0.28668821 0.10534828 0.74869742 -0.08184186 -0.50409431 -0.00725295 0.85973149
2096.00000000 0.39364611 0.12310132 0.88155584 0.01088377 0.78627692 -0.02809738 -0.61713912
2096.00000000 0.11361781 0.11540822 1.15809729 -0.13032837 0.96974722 -0.15353330 -0.13795785
2096.00000000 0.05034143 0.07010460 0.63030604 -0.14088998 0.04785499 0.03240324 0.98833696
2096.00000000 0.39947884 0.12056217 0.85440365 0.02482662 0.73053246 -0.02241210 -0.68205841
2096.00000000 0.24163221 0.12167010 1.08224919 -0.09616514 0.90973126 -0.10415431 -0.39024759
2096.00000000 -0.17153363 0.07846076 0.99898900 -0.07760545 0.82158022 -0.07641993 0.55959210
2096.00000000 0.06028770 0.11181105 1.13956216 -0.10151689 0.99162440 -0.07977792 -0.00329463
2096.00000000 0.14637793 0.08099566 0.64062304 -0.12066567 -0.15919392 -0.00108749 0.97984484
2096.00000000 0.04541157 0.11000812 1.15299225 -0.10924772 0.98457365 -0.13594661 -0.01407800
2096.00000000 -0.17828222 0.04754808 0.67376410 -0.04164916 0.35087966 -0.05283094 0.93400091
2096.00000000 -0.18473513 0.05696731 0.71419840 -0.14486746 0.43418165 0.01744340 0.88892938
2096.00000000 0.12740272 0.11739603 1.15292166 -0.12260461 0.96969131 -0.13559425 -0.16211439
2096.00000000 0.36653578 0.10476036 0.78688865 0.09474117 -0.60971565 0.07228349 0.78361089
2096.00000000 -0.08962741 0.09609351 1.13572155 -0.09767584 0.96493272 -0.08734196 0.22745473
2096.00000000 0.36339766 0.11798636 0.93769329 -0.01211061 0.79090395 -0.01208667 -0.61170106
2096.00000000 0.34948028 0.10525665 0.72985474 -0.03073718 -0.54607438 0.02868682 0.83668098
2096.00000000 -0.12305290 0.09663954 1.06104876 -0.12030362 0.89556864 0.02333782 0.42771391
2096.00000000 -0.13177626 0.09085035 1.06570098 -0.09937663 0.89545201 -0.07730088 0.42698310
2096.00000000 -0.12960904 0.04886055 0.65099503 -0.02933242 0.26662165 -0.01693357 0.96320598
2096.00000000 -0.09973207 0.04773189 0.61369762 -0.00804962 0.17747239 -0.02970001 0.98364458
2096.00000000 -0.11901956 0.04843495 0.64335969 -0.01679455 0.25306945 -0.01422449 0.96719774
2096.00000000 -0.16579544 0.06951678 0.83077296 -0.15687430 0.62215949 0.04145812 0.76589115
2096.00000000 -0.16578486 0.06952033 0.83076874 -0.15685478 0.62213253 0.04143469 0.76591831
2096.00000000 -0.17847091 0.08941208 1.12295085 -0.11025089 0.90621179 -0.10406898 0.39470823
2096.00000000 0.44444334 0.12229688 0.84993500 0.06414097 -0.67939111 0.07196559 0.72741639
2096.00000000 0.19744738 0.14044696 1.22282478 -0.07164161 0.98729302 0.02391836 -0.13981374
2096.00000000 -0.21377290 0.08117703 1.07107421 -0.09535169 0.85613268 -0.09516433 0.49888741
2096.00000000 0.39968334 0.10247303 0.72180588 0.07285713 -0.53716011 0.06781993 0.83758660
2096.00000000 0.05533400 0.05821855 0.54913768 0.01384687 -0.03635164 0.00607495 0.99922466
2096.00000000 0.44977189 0.13502766 0.90376553 0.00276422 0.73568585 -0.00306478 -0.67731034
2096.00000000 0.42608030 0.11135417 0.77701435 0.08611854 -0.59613788 0.08792148 0.79339337
2096.00000000 -0.19634314 0.08637699 1.09710556 -0.10464566 0.87643787 -0.12198313 0.45390093
2096.00000000 -0.23634850 0.07877269 1.04703811 -0.09475142 0.83529543 -0.08546990 0.53478838
