61.00000000 -0.00020659 0.00025170 -0.00056736 0.00008408 0.00010782 -0.00013248 0.99999998
61.00000000 0.12938441 0.03566671 -0.19700982 -0.03435889 -0.10668886 0.00915459 0.99365645
61.00000000 0.07712902 0.00747136 -0.04498655 -0.02686521 0.83242108 0.17843193 -0.52394222
61.00000000 -0.00203942 -0.00455241 0.04198537 -0.03840579 0.97467471 0.19877118 0.09499590
61.00000000 0.08986591 -0.00057525 0.02281750 -0.01887957 0.97021238 0.19450959 -0.14316958
61.00000000 0.13070628 0.02188803 -0.04232895 -0.02497836 0.19873044 0.06556053 0.97753983
61.00000000 0.10171853 0.06751008 -0.30539161 -0.05256505 0.53869068 0.15817894 0.82585028
61.00000000 -0.02526005 0.01798016 -0.25731778 -0.05744539 -0.26317369 -0.04054963 0.96218260
61.00000000 0.20426553 0.06597084 -0.27201748 -0.05679815 0.44261375 0.11484491 0.88751208
61.00000000 -0.04780806 -0.08906218 0.40501049 -0.04414915 0.78526942 0.15458886 -0.59791728
61.00000000 0.09435861 0.02867674 -0.19087784 -0.05066235 0.28658399 0.07003414 0.95414787
61.00000000 0.21296248 0.08205563 -0.48158136 -0.03113010 0.21960735 0.10109888 0.96983635
61.00000000 -0.01292757 0.03893588 -0.24066715 -0.05973557 0.54097707 0.19685085 0.81549078
61.00000000 0.01693007 0.00494024 -0.05886367 0.01634993 -0.45999940 -0.08272855 0.88390566
61.00000000 0.03666425 -0.00701737 0.03429300 -0.03846235 0.93598829 0.21129452 -0.27892865
61.00000000 -0.16997081 -0.07225294 0.35637465 -0.04116861 0.73611687 0.11412073 -0.66589305
61.00000000 -0.00555198 -0.01971972 0.09180114 -0.04757601 0.81010270 0.18433448 -0.55451865
61.00000000 0.01164861 0.02369786 -0.07371229 -0.05731275 0.73834866 0.20472513 0.64003447
61.00000000 0.18864532 -0.01938329 0.05912552 -0.04178495 0.76324639 0.14286040 -0.62872877
61.00000000 0.17168117 0.00207904 -0.03407519 0.01061631 -0.34254913 -0.06466429 0.93721178
61.00000000 -0.01774472 -0.02500495 0.12412162 -0.03087598 0.97716102 0.19372681 -0.08168800
61.00000000 0.03423065 -0.00608690 0.03206293 0.00925030 -0.64836010 -0.15877174 0.74453686
61.00000000 0.04100575 -0.04131772 0.23160744 0.02526227 -0.63059706 -0.12143880 0.76613431
61.00000000 -0.00315375 -0.00068872 0.00892899 -0.03898776 0.70414718 0.15788091 0.69118039
61.00000000 0.00008522 0.02935817 -0.07742079 -0.03955197 0.84011249 0.23970814 0.48496046
61.00000000 -0.04126602 0.01026292 -0.03559601 -0.03336148 0.83481816 0.17385584 -0.52128667
61.00000000 -0.14476627 -0.00514656 -0.05842362 -0.05716275 0.02089208 0.00977866 0.99809835
61.00000000 -0.04494908 0.00189038 -0.06885540 -0.05459093 0.01402612 0.06022940 0.99659195
61.00000000 0.22970876 0.09219504 -0.44677737 -0.07461523 0.53717250 0.12825410 0.83031871
61.00000000 0.06217744 0.00986481 -0.04319733 -0.02622294 0.90406261 0.20031376 -0.37663983
61.00000000 0.21633682 -0.00874007 -0.01853053 0.01176264 -0.62272402 -0.15254215 0.76733782
61.00000000 -0.01292314 -0.02911043 0.13613790 -0.01473984 0.95574281 0.21777165 -0.19726614
61.00000000 0.04293093 -0.02098471 0.10446715 -0.04425379 0.92772959 0.20998066 -0.30539734
61.00000000 0.04300507 -0.02088416 0.10452486 -0.04429508 0.92773367 0.20986779 -0.30545655
61.00000000 -0.13683359 0.00130310 -0.02664681 -0.01672336 0.74784479 0.14979773 -0.64653626
61.00000000 -0.08157181 -0.04373602 0.14431609 -0.03189398 0.70563563 0.17655755 0.68548419
61.00000000 -0.14342621 -0.01911249 0.10512356 -0.05816652 0.09394227 0.10947011 0.98782984
61.00000000 -0.05605486 -0.01161574 0.05225053 -0.04232551 0.80091959 0.15318989 -0.57729474
61.00000000 -0.11844883 -0.00356211 -0.01123678 -0.04403542 -0.42737998 -0.08349441 0.89913065
61.00000000 -0.11774994 -0.01348117 0.05869567 -0.09303139 0.24773138 0.09289882 0.95986673
61.00000000 -0.26446096 -0.04323860 0.19416387 0.03381187 -0.41203791 -0.04739790 0.90930466
61.00000000 -0.18861523 -0.03324685 0.12401036 -0.03339992 -0.19440290 -0.07189418 0.97771324
61.00000000 -0.11106670 -0.00272754 -0.02675182 0.00596450 0.85448317 0.18090303 -0.48692610
61.00000000 -0.16288474 -0.01110431 0.00904734 -0.04930812 0.79298184 0.19115595 -0.57637480
61.00000000 -0.12502961 -0.04416895 0.14377980 -0.02636828 0.95604918 0.25266015 0.14641558
61.00000000 -0.08598446 -0.02581088 0.13558214 0.02796815 -0.49022845 -0.12088859 0.86271652
61.00000000 -0.04363286 -0.03013455 0.15632331 -0.03279436 0.72403115 0.14528667 -0.67349477
61.00000000 -0.22716126 -0.09709213 0.36549849 -0.03273198 0.95128713 0.24973483 -0.17780304
61.00000000 -0.00496539 -0.02554574 0.11861728 -0.05162676 0.93863176 0.21537253 -0.26442346
61.00000000 -0.08292071 -0.07526079 0.30552231 -0.01677748 0.98305201 0.18163946 -0.01828563
61.00000000 -0.30435573 -0.03909566 0.01167715 -0.04852601 0.94150039 0.23924153 0.23234830
61.00000000 -0.26081964 -0.06291849 0.25613263 -0.04909386 0.83585639 0.17603687 -0.51763395
61.00000000 -0.29711842 -0.05374713 0.07352764 -0.05961182 0.92285216 0.26123110 0.27667425
61.00000000 -0.07576901 -0.01917474 0.10154584 -0.07157234 0.24114859 0.06331019 0.96577253
61.00000000 -0.08566556 -0.03458745 0.13512718 -0.03145358 0.92604892 0.21946024 -0.30541984
61.00000000 -0.15680105 -0.05283958 0.24017268 -0.04734344 0.49621794 0.13458694 0.85639519
61.00000000 -0.23640300 -0.05358302 0.15745649 0.00117495 0.56003918 0.13569228 0.81727740
61.00000000 -0.17965951 -0.02676766 0.14252716 0.00725914 -0.57627471 -0.09713946 0.81143003
61.00000000 -0.20745325 -0.04543475 0.17297211 -0.02342984 0.90545553 0.15430074 -0.39470573
61.00000000 -0.06323881 -0.01474490 0.11745691 -0.00970277 0.17773887 0.04994359 0.98276161
61.00000000 -0.17982532 -0.02882476 0.09120813 -0.10331280 0.48356828 0.17750933 0.85086933
61.00000000 -0.26374107 -0.05454193 0.08674355 -0.05745320 0.85983674 0.23961818 0.44717227
61.00000000 -0.20062743 -0.02397850 0.09945221 0.03333831 0.26639935 0.08538718 0.95949412
61.00000000 -0.14840666 -0.02550355 0.10476345 -0.02416999 -0.16370018 -0.02038225 0.98600336
61.00000000 -0.16364739 -0.03662221 0.13614051 -0.01972246 0.42136424 0.13899006 0.89596036
61.00000000 -0.34389472 -0.08203061 0.24391250 -0.03111236 0.96623295 0.25214289 0.04301018
61.00000000 -0.34388004 -0.08197728 0.24434448 -0.03121140 0.96627253 0.25195355 0.04315862
61.00000000 -0.08331282 -0.08421687 0.34231526 0.01988883 -0.29625208 -0.10719518 0.94886687
61.00000000 0.11998912 0.02922512 -0.22422847 0.00325681 0.91376874 0.22337547 -0.33929263
61.00000000 -0.27626097 -0.04728399 0.14767970 -0.00585667 0.84005376 0.20200633 0.50345688
61.00000000 0.47361197 0.03373341 0.02055784 -0.04445301 0.29263078 0.08333897 0.95154914
61.00000000 -0.09775761 -0.05728880 0.37610575 -0.00969250 -0.09282313 -0.03433688 0.99504317
61.00000000 -0.17297723 -0.01640349 0.08003277 -0.10235492 0.45468363 0.15781256 0.87056388
61.00000000 0.35521482 -0.06609195 0.44554628 -0.01187385 0.92349891 0.18240609 0.33724886
61.00000000 -0.12182655 -0.10979577 0.41703904 0.03090267 -0.57307735 -0.11433850 0.81089708
61.00000000 -0.23561719 -0.05216121 0.13541100 -0.03817767 -0.28093413 -0.07877733 0.95572622
61.00000000 0.05361416 -0.17005759 0.70411065 -0.02269368 0.97387969 0.22409278 -0.02873634
61.00000000 0.09034888 0.01257973 -0.10008678 -0.07837439 0.25300743 0.08016870 0.96094624
61.00000000 0.53480902 0.00900549 0.02053257 -0.05932897 0.92970428 0.19462942 -0.30700067
61.00000000 0.41335669 0.07843014 -0.18124777 -0.01152623 0.96677362 0.20272709 0.15529855
61.00000000 0.11431591 -0.05128923 0.17193603 0.02114715 -0.58695653 -0.12409548 0.79977193
61.00000000 -0.29117764 -0.07011228 0.23742260 -0.03633970 0.54782581 0.13093968 0.82548235
61.00000000 -0.36548551 0.06330834 -0.51152821 -0.01520112 0.97116860 0.22983924 -0.06143619
61.00000000 -0.05794055 -0.02367170 0.12390232 -0.02115080 0.37860833 0.08809436 0.92111224
61.00000000 -0.25614789 -0.08956983 0.32791652 0.02510542 -0.49399847 -0.10263778 0.86301837
61.00000000 0.64163560 0.06808452 -0.34506846 -0.05343325 0.79909994 0.17132751 -0.57378659
61.00000000 0.09605723 -0.14223172 0.62522771 -0.03271403 0.92030907 0.24262130 -0.30511624
61.00000000 0.62385280 -0.00351715 0.02910672 -0.03640626 0.93619732 0.21622482 -0.27469255
61.00000000 0.11411109 0.01776597 -0.11136676 -0.08679981 0.22862346 0.07657074 0.96660955
61.00000000 0.47673291 0.03948276 0.00339183 -0.04896710 0.24869997 0.10695975 0.96141051
61.00000000 -0.16637546 -0.06793065 0.24619912 -0.01867796 0.94229666 0.28674823 0.17176609
61.00000000 0.32495280 -0.02783673 0.15217918 -0.01860293 0.97228280 0.23225040 0.01948928
61.00000000 -0.00302619 -0.05031594 0.39844569 -0.01607222 0.15339089 0.04409525 0.98705042
61.00000000 0.19046665 0.01809739 0.14654032 -0.04608492 0.55638950 0.15090685 0.81580269
61.00000000 -0.27397208 -0.14144432 0.49520710 -0.03071418 0.96663185 0.22264204 0.12292288
61.00000000 -0.24761188 -0.05915443 0.18573995 -0.04183814 0.37316353 0.12450900 0.91842042
61.00000000 -0.17372348 -0.05282825 0.20201822 -0.06686591 0.28161665 0.09232756 0.95273115
61.00000000 -0.36416611 -0.09084224 0.31888793 0.03891659 -0.59112163 -0.13461460 0.79431708
61.00000000 -0.19228052 -0.05731940 0.14887900 -0.05726011 -0.24731769 -0.06233752 0.96523017
61.00000000 -0.19220148 -0.05687603 0.14841120 -0.05701573 -0.24747592 -0.06243248 0.96519794
61.00000000 -0.41167877 -0.09853918 0.40541866 0.02995918 0.75013425 0.17539848 -0.63689593
61.00000000 -0.23305990 -0.05687665 0.16607356 -0.02326434 0.57542412 0.12719137 0.80756932
61.00000000 -0.07370177 -0.22410106 0.85557171 -0.02608924 0.89670259 0.18949948 -0.39916633
61.00000000 -0.03399289 -0.04744186 0.21213181 -0.03664514 0.06508333 0.00571875 0.99719035
61.00000000 -0.34265023 -0.05091907 0.10555298 -0.01854120 -0.07843371 0.00214680 0.99674459
61.00000000 -0.47898674 -0.03901159 0.01497096 -0.05314433 -0.11733241 -0.04541022 0.99062944
61.00000000 -0.08543812 -0.10274991 0.61040218 -0.04212752 -0.31788471 -0.11032844 0.94074557
61.00000000 0.05862722 -0.20852049 0.78020421 -0.00344597 0.94221548 0.23005626 -0.24349996
61.00000000 0.22643528 -0.15641560 0.68748497 -0.00331455 -0.46334861 -0.10956789 0.87937020
61.00000000 -0.18752204 -0.03423906 0.08919595 -0.00933889 0.95166753 0.23132397 -0.20181903
61.00000000 -0.31909449 -0.09371233 0.69047725 -0.02215021 -0.18813135 -0.05428432 0.98039236
61.00000000 -0.15855492 -0.13291721 0.48716656 -0.03774484 0.97330561 0.21238249 -0.07839124
61.00000000 -0.10869771 -0.06920265 0.18332442 0.01692731 0.71006544 0.20567576 -0.67321469
61.00000000 -0.36800176 -0.08885144 0.34374204 -0.04217898 0.86778339 0.19957617 0.45314708
61.00000000 -0.17334174 -0.06174730 0.40166389 -0.01644518 0.94223787 0.24153423 0.23147043
61.00000000 -0.20193220 0.02032115 -0.08743894 -0.02762506 0.70583906 0.20794941 0.67659820
61.00000000 -0.61632265 -0.18165188 1.04800405 0.00598733 -0.34874247 -0.06868166 0.93467945
61.00000000 0.11186448 -0.14826648 0.79277019 -0.00347270 -0.43745762 -0.06337995 0.89699596
61.00000000 -0.56562542 -0.05652402 -0.01898731 -0.03958270 -0.07711034 0.00401337 0.99622844
61.00000000 -0.07686580 -0.10970749 0.48859153 0.00190018 -0.38852169 -0.09190076 0.91684325
61.00000000 -0.41863561 -0.06663937 0.25874249 -0.01882602 0.94089028 0.19027807 0.27958063
61.00000000 -0.47397040 -0.04165222 0.07292714 -0.03569138 -0.50006307 -0.07414440 0.86207056
61.00000000 -0.74283518 -0.31457410 1.25196184 -0.01698225 0.95070465 0.20827442 -0.22911579
61.00000000 -0.62322384 -0.05764048 0.16255646 -0.06391225 0.11184760 0.01845626 0.99149619
61.00000000 -0.50965007 -0.04684698 0.04106283 -0.05402015 -0.24645652 -0.00672455 0.96762379
61.00000000 0.38371232 -0.15554536 0.49164470 -0.02779979 0.79752036 0.14907036 -0.58392335
61.00000000 -0.11217934 -0.12714774 0.44390516 -0.02526385 0.88385896 0.22753060 -0.40790307
61.00000000 -0.06389448 -0.03389695 0.29511203 -0.05546904 0.66949685 0.18206487 0.71801778
61.00000000 -0.48349723 -0.12040244 0.63591144 -0.01988212 0.94219894 0.19122686 0.27440508
61.00000000 -0.49667828 -0.07605353 0.62219025 -0.02978286 0.12810747 0.01984241 0.99111439
61.00000000 -0.01946404 -0.15961269 0.79030304 0.00637163 0.95947379 0.18531155 0.21220056
61.00000000 0.02780060 -0.23642345 0.94312877 -0.03051007 0.83234509 0.17739350 -0.52421593
61.00000000 0.02944186 -0.23529946 0.94355165 -0.03055561 0.83241069 0.17731775 -0.52413474
61.00000000 -0.09658390 0.13208629 -0.73102674 0.01399164 -0.62973421 -0.16510390 0.75893331
61.00000000 0.12644186 -0.03005348 0.36259613 0.00000752 0.97353299 0.22624706 -0.03233849
61.00000000 -0.90766271 0.19268311 -1.43728981 0.00228193 -0.22956485 -0.05546470 0.97170903
61.00000000 -0.80598603 0.18580718 -1.28722489 -0.05936070 0.12424628 0.00591120 0.99045657
61.00000000 -1.43053501 -0.02396946 -0.45946192 -0.05143727 0.61312170 0.20246360 0.76186907
61.00000000 -0.88132332 -0.05690386 0.37081507 0.01496257 -0.42903789 -0.10070661 0.89753038
61.00000000 -0.66799199 -0.22713939 0.87551265 0.02274202 0.72741201 0.16112295 0.66662880
61.00000000 -1.13749272 0.16700080 -1.41166357 -0.03358964 -0.35180989 -0.11779304 0.92802281
61.00000000 -1.70579150 -0.37963867 1.64196690 -0.01564978 0.93463565 0.18587623 -0.30275619
61.00000000 -0.40702217 -0.11643603 0.70763750 0.03430379 0.58557349 0.14802749 0.79625047
61.00000000 0.03481046 -0.20979326 0.93066774 0.01051127 -0.28069264 -0.10060513 0.95445260
61.00000000 -0.55980013 0.33478336 -1.80935820 -0.01919971 -0.61888390 -0.14890107 0.77100101
61.00000000 -0.01177952 0.18106548 -0.85605079 -0.08946410 0.41214695 0.13193866 0.89706369
61.00000000 -1.30039865 -0.17209989 0.77860695 0.01716563 0.03957358 0.02084900 0.99885164
61.00000000 -1.38509811 -0.38032687 0.68633695 -0.04901910 0.85437892 0.30514203 0.41775846
61.00000000 -1.44238855 0.14507258 -1.14685275 -0.03490434 -0.41471518 -0.09440911 0.90436714
61.00000000 -3.01738691 -0.55431927 1.39245519 -0.00332866 0.92467655 0.22421826 0.30771476
61.00000000 0.96652759 0.14944110 -1.33225174 -0.04062593 -0.36520756 -0.11413384 0.92300945
61.00000000 -3.08425711 -0.16348063 -0.29235849 -0.02066053 0.96188792 0.24493811 0.11979191
61.00000000 -0.13203173 -0.10596919 0.53319555 -0.00985592 0.33282565 0.10124798 0.93748536
61.00000000 -0.91768709 -0.10929969 0.36304620 -0.01128441 0.17458342 0.05480620 0.98305115
61.00000000 0.59716194 -0.25501049 1.73048440 0.05350751 0.26768113 0.06573651 0.95977209
61.00000000 -1.41535185 -0.13242922 -0.13271098 -0.04563226 0.70850630 0.23778541 0.66286847
61.00000000 -0.03795874 -0.09761849 0.53436993 -0.02752129 0.93660468 0.21251689 -0.27721983
61.00000000 -0.76368722 0.33699190 -2.30593682 -0.03554233 -0.43692370 -0.12554627 0.88998458
61.00000000 -1.58102002 -0.32692437 1.66420834 0.03617843 -0.17808494 -0.03353925 0.98277769
61.00000000 0.54668538 -0.10477297 0.48177914 -0.01858770 0.94473865 0.21663312 -0.24534358
61.00000000 -1.60684019 -0.13784291 0.58084777 -0.00703835 0.85404844 0.17104619 -0.49121780
61.00000000 -3.09776205 -0.28828344 0.18402673 -0.00379798 0.95313870 0.21421389 0.21359915
61.00000000 -2.91980060 -0.32509834 1.77329887 -0.04210721 0.82164044 0.18788655 -0.53650034
61.00000000 -0.00021483 -0.25260102 1.05315856 -0.00279332 0.97141651 0.21595535 -0.09851629
61.00000000 -0.08689993 -0.11503883 0.38231610 -0.01774543 -0.36216295 -0.09993754 0.92657195
61.00000000 -0.08459847 -0.11270220 0.37977451 -0.01744747 -0.36225248 -0.09996074 0.92654011
61.00000000 0.59523268 -0.02286412 -0.20093809 -0.03442525 0.06478527 0.01368046 0.99721142
61.00000000 -1.31193168 -0.71729429 3.03990847 -0.00683818 0.80528734 0.20653460 -0.55570586
61.00000000 -1.16527961 -0.61538112 2.45767341 -0.00082468 0.80492390 0.22732481 0.54810607
61.00000000 -1.55745055 -0.51505140 1.63019589 -0.01032220 0.97506175 0.22102850 0.01715941
61.00000000 -1.05776913 0.04298158 -1.42724171 -0.03055322 0.16579708 0.02585845 0.98534723
61.00000000 -0.25043279 0.02222235 -0.61153752 -0.09593265 0.34929774 0.14383580 0.92092306
61.00000000 0.71937625 -0.01724449 -0.39270676 -0.02179020 -0.34928666 -0.09288662 0.93214596
61.00000000 -0.00765177 -0.33006717 1.51131579 -0.00642677 -0.64881836 -0.15347634 0.74527743
61.00000000 -0.84145436 -0.18484019 0.49493345 -0.02404769 0.63769709 0.17291433 0.75024314
61.00000000 -2.73977734 -0.67503281 1.87759824 -0.04246543 0.93438496 0.27610516 0.22110491
61.00000000 0.10879871 -0.11622894 0.30765935 -0.02767771 0.77986753 0.16524232 -0.60310493
61.00000000 -0.50960299 -0.57433463 2.21238639 -0.01328022 0.95056150 0.23275551 -0.20513737
61.00000000 -2.55625891 -0.53282013 1.63161392 -0.01935328 0.90233769 0.24009778 0.35744259
61.00000000 -0.29390183 -0.17516761 0.65546979 -0.01655445 0.97405696 0.22269344 -0.03669635
61.00000000 -2.09328970 -0.60100011 2.46882262 -0.03018483 0.81946189 0.20970163 -0.53253762
61.00000000 -2.38737802 -0.32109955 2.12565171 0.02612351 -0.48320103 -0.09052240 0.87042520
61.00000000 -1.27028311 -0.05510432 0.33791530 -0.04119668 -0.22601378 -0.04125967 0.97237762
61.00000000 -0.22844237 -0.09562537 0.39226156 -0.03061923 0.88325267 0.22694103 -0.40917594
61.00000000 0.15215536 -0.00192034 -0.39218098 -0.02665011 -0.55991855 -0.14603971 0.81514011
61.00000000 -1.66212836 -0.60918846 2.31067181 -0.04596514 0.97434909 0.19018156 -0.11118468
61.00000000 -2.76101751 -0.41021164 0.85383665 -0.01329547 0.94522878 0.20731276 0.25176818
61.00000000 -2.48449392 -0.59527165 2.48032425 -0.02750364 0.84691052 0.20495603 -0.48987666
61.00000000 -0.38604789 -0.11723120 0.35177865 -0.02958690 0.16530438 0.02621199 0.98545016
61.00000000 -1.24207087 0.11628468 -0.40653648 -0.01908970 -0.62199764 -0.12608148 0.77256584
61.00000000 0.06092930 -0.08996769 0.38373334 -0.01211196 0.44087952 0.09229151 0.89272662
61.00000000 -0.58434301 0.12677611 -0.87256742 -0.02497111 0.69755328 0.17210830 0.69510762
61.00000000 0.78804187 -0.22267645 0.73674716 0.00938412 -0.49451948 -0.10646757 0.86257005
61.00000000 -0.29070982 -0.12618999 0.78747864 0.00798942 -0.06460176 -0.03763900 0.99716904
61.00000000 -1.57657293 -0.07253830 -0.13608341 -0.01867197 0.86862359 0.21977067 0.44367247
61.00000000 -2.07050711 0.08422138 -0.64823483 -0.03000858 -0.15976957 -0.05068223 0.98539560
61.00000000 -1.56662138 -0.08558003 0.01957644 -0.01020440 0.92420533 0.22291879 0.30991547
61.00000000 0.01382987 -0.09471303 0.21307393 0.01164745 -0.29595123 -0.07328690 0.95231625
61.00000000 0.01486141 -0.09289143 0.21090390 0.01180952 -0.29584986 -0.07339047 0.95233777
61.00000000 -0.08990432 -0.18116128 0.64476021 0.00476003 0.89236636 0.21632618 0.39605885
61.00000000 -0.65233224 -0.09457582 -0.02263795 -0.01607514 0.77438412 0.19518281 0.60164316
61.00000000 -1.50717503 0.04554907 -0.66274522 0.01030672 -0.10514776 -0.02527652 0.99408190
61.00000000 0.40361986 -0.12387197 0.19129446 -0.02169327 0.77919008 0.17225692 -0.60226222
61.00000000 -1.11260057 -0.34214804 1.88089131 -0.01772508 0.74377155 0.15465362 -0.65005535
61.00000000 -0.29446578 -0.03462737 -0.54836211 -0.01698595 0.22546342 0.05549661 0.97252139
61.00000000 1.75868976 -0.18827967 0.42191933 0.00809419 -0.32308541 -0.09629389 0.94142328
61.00000000 0.09430619 -0.00942591 -0.11701080 0.00200447 0.66393718 0.16612710 0.72909889
61.00000000 0.49182815 -0.43479821 1.77847046 0.01908316 -0.52584484 -0.14601055 0.83773740
61.00000000 -0.35566151 -0.12140277 1.29197771 0.00629152 -0.01147878 -0.03998017 0.99911473
61.00000000 -0.64314222 -0.51809159 2.15316851 -0.00534792 0.86749123 0.18098071 -0.46333179
61.00000000 0.02445863 -0.08987885 0.20707352 -0.00665548 0.94297596 0.25324427 -0.21591523
61.00000000 -0.98903862 0.13566456 -0.05245866 -0.00808130 0.87660038 0.22388635 -0.42588892
61.00000000 -0.26097991 0.11277249 -1.32742168 -0.05383360 -0.21414812 -0.06571359 0.97310033
61.00000000 -0.24244173 -0.03455879 -0.17795423 -0.00417632 -0.10238821 -0.00949447 0.99469044
61.00000000 1.41009413 0.24601166 -0.47845267 0.01252359 0.86311160 0.19608677 0.46522200
61.00000000 0.54903543 -0.45658456 1.62803452 0.02493726 -0.61910491 -0.16995872 0.76629059
61.00000000 0.51337182 -0.40609252 2.15979557 0.00918036 -0.44489860 -0.09190841 0.89080514
61.00000000 0.45879145 0.27998048 -2.31098840 -0.04359791 0.29823179 0.08651443 0.94956426
61.00000000 0.97173215 -0.07845619 0.40663922 -0.02071310 0.02355660 -0.01820298 0.99934214
61.00000000 -0.56208689 -0.40139970 1.67988077 0.00718176 0.96597813 0.18336112 -0.18224535
61.00000000 -0.43221509 -0.15743361 0.83748661 -0.02397330 -0.42866195 -0.12762647 0.89408372
61.00000000 0.00717937 -0.09026706 0.32213979 -0.00534761 0.44985940 0.12316837 0.88454930
61.00000000 -0.18408240 -0.03800203 -0.09097535 -0.03069425 -0.22491801 -0.02978199 0.97343864
61.00000000 1.82559531 0.33597704 -0.58288471 0.00587527 0.72223165 0.14334863 0.67660778
61.00000000 -0.35624671 -0.24122229 0.94013986 -0.01944983 0.72689340 0.18533456 0.66098320
61.00000000 0.25430482 -0.20535558 1.01825677 -0.01472671 0.85894361 0.18717854 0.47640655
61.00000000 -0.85260814 0.00276122 -0.69081259 -0.02307881 0.08309060 0.02422297 0.99598020
61.00000000 0.52647357 0.05481723 -0.93807095 -0.02709002 -0.53311246 -0.13384780 0.83495030
61.00000000 -0.07013784 -0.05990058 0.03892768 -0.03432342 -0.28818047 -0.04882875 0.95571422
61.00000000 0.00752165 -0.21420293 1.45444770 0.02265011 -0.20192282 -0.05120668 0.97779958
61.00000000 0.37942677 0.03818452 -1.14239590 -0.05082143 -0.39629264 -0.10932849 0.91017394
61.00000000 0.38120486 0.04038124 -1.14507977 -0.05059174 -0.39639266 -0.10937781 0.91013726
61.00000000 3.91170381 0.15428672 1.54637323 -0.05052422 0.77924855 0.23816123 0.57749306
61.00000000 0.36014977 -0.01396815 -0.93524524 -0.03043931 0.94916064 0.26775818 -0.16270554
61.00000000 0.99054789 -0.10828209 0.71483387 -0.00003661 0.77493372 0.21617490 0.59392436
61.00000000 -2.61664868 -0.04031549 -1.33397987 -0.02409078 0.07483181 0.04606671 0.99584019
61.00000000 -1.95949537 -0.19614296 0.63224258 -0.02918276 -0.56092049 -0.17624179 0.80836588
61.00000000 1.28454930 -0.73927545 2.50361644 -0.04056605 0.94277065 0.22999858 -0.23798856
61.00000000 -1.21807028 -0.61200994 6.31696979 0.01398109 0.08443324 0.00004605 0.99633105
61.00000000 0.94331606 0.17565577 -1.58247139 -0.02798428 0.34028617 0.10685482 0.93381168
61.00000000 0.32593707 0.07236116 -1.17973519 -0.02286502 0.51655468 0.11249391 0.84852435
61.00000000 -4.52422181 0.14213973 -1.63508107 -0.05039245 -0.44068551 -0.06854200 0.89362122
61.00000000 0.79702742 -0.30247314 1.69975590 -0.00662722 0.79878143 0.22835646 0.55655874
61.00000000 0.40752269 0.06693490 -0.49031283 -0.04352847 0.36514420 0.11099978 0.92328437
61.00000000 0.47520780 -0.02952182 -0.83191515 -0.01460213 0.97013970 0.24210662 0.00034468
61.00000000 -1.37811602 0.20317999 -2.16849711 -0.00943225 -0.57231823 -0.13023932 0.80956816
61.00000000 2.74246681 -0.36853688 1.20905372 -0.03619657 -0.33850624 -0.10809017 0.93403418
61.00000000 2.52163185 -0.56169411 1.14015961 -0.02016575 0.93020206 0.22853470 -0.28651242
61.00000000 1.36679978 0.07284881 -1.30428533 -0.04791504 -0.07295500 -0.03236112 0.99565781
61.00000000 1.87739111 -0.56152954 5.44870502 0.00508858 0.35732187 0.06608385 0.93162660
61.00000000 0.10748763 -0.72611658 4.92018479 -0.00675920 -0.33865868 -0.07839420 0.93761344
61.00000000 -2.13308783 0.09088349 -1.34526562 -0.05202685 -0.15456088 -0.00490512 0.98660026
61.00000000 2.85443110 -0.66172608 1.35457137 -0.04702777 -0.65063695 -0.21312465 0.72734986
61.00000000 0.27751306 0.06209513 -1.57886676 -0.05690773 0.08182337 -0.00585006 0.99500363
61.00000000 -2.01593924 0.06722898 1.66002909 -0.02252617 -0.05438882 -0.05082403 0.99697109
61.00000000 0.42826720 -0.99707704 3.38269950 -0.01517953 0.91087186 0.21762984 -0.35031314
61.00000000 -4.52770033 0.01623983 -0.98121070 -0.04660494 -0.46659251 -0.11426831 0.87582085
61.00000000 -1.07984627 -1.50816496 5.88267720 -0.03045791 0.72441493 0.14949314 -0.67227013
61.00000000 -1.32806069 -0.36784640 0.80051250 -0.05357429 0.52403181 0.14075021 0.83827790
61.00000000 -2.24059245 -0.06828665 1.41944069 -0.04071500 0.15756489 0.00402624 0.98666072
61.00000000 -1.60686691 -0.30099075 2.54856198 -0.02579892 0.31771278 0.05507912 0.94623427
61.00000000 0.36535806 -0.49641216 3.78035801 -0.02217056 -0.32063430 -0.11642393 0.93975932
61.00000000 -4.10752078 -1.14960950 3.84964237 -0.00689303 0.97469297 0.19374796 -0.11130064
61.00000000 -1.68630622 0.27686888 -2.54228563 -0.03183991 -0.40564684 -0.13662393 0.90320029
61.00000000 -1.68250555 0.28249907 -2.54757524 -0.03165660 -0.40577034 -0.13647629 0.90317358
61.00000000 -4.35635606 -0.88592306 0.66263818 -0.02720283 0.92003665 0.28326083 0.26936197
61.00000000 -1.14767979 -1.00443544 2.86658679 -0.02813577 0.96530532 0.23629079 0.10752064
61.00000000 4.97884142 -0.52218947 5.34265616 -0.03280007 -0.08250714 -0.05957861 0.99426713
61.00000000 4.16566606 -1.41773567 5.02417258 -0.01832128 0.85551370 0.19446208 -0.47952596
61.00000000 1.46402244 -1.36713438 3.82515862 -0.00147118 0.96464345 0.23296672 0.12323700
61.00000000 -1.81318055 0.42680444 -1.35095948 -0.04840791 0.02475973 -0.02357208 0.99824245
61.00000000 0.41606502 0.28603932 -1.06174156 -0.03173118 0.19595419 0.02561206 0.97976482
61.00000000 -4.25879977 -0.74560865 3.92927210 -0.01703909 0.87317742 0.19083749 0.44816505
61.00000000 -1.68507527 -0.23738041 1.35889440 -0.00944218 0.66166572 0.17834579 0.72821844
61.00000000 3.02277478 -1.39094439 4.57077764 -0.03163141 0.94404065 0.23872418 -0.22538293
61.00000000 -5.44964702 -2.50463905 10.12366135 -0.02541777 0.82366349 0.19220534 -0.53290666
61.00000000 -2.87423659 -0.95174844 5.44793659 0.00099617 -0.48014484 -0.11738662 0.86929875
61.00000000 -0.07472470 -1.67374422 7.04672312 0.01179355 -0.55050919 -0.16637210 0.81799809
61.00000000 -5.66335562 0.07998199 -1.22451356 -0.05272964 -0.11285567 0.04375871 0.99124586
61.00000000 -3.77094147 0.13576931 1.08577084 -0.05528710 -0.27470934 -0.06069075 0.95801605
61.00000000 -5.54905430 -1.28030964 5.30345247 -0.03503568 0.60875261 0.14982697 0.77829599
61.00000000 1.47002390 -0.51182692 4.57039220 -0.02611521 -0.24366160 -0.08241621 0.96599927
61.00000000 -4.47778752 -1.09104390 3.23684177 -0.01330846 0.95668363 0.21024389 0.20093984
61.00000000 -2.74506582 -0.04874325 2.86664284 -0.03549316 0.20395895 0.01666853 0.97819382
61.00000000 -6.44279220 0.00122532 0.03951561 -0.02737399 -0.33419441 -0.08338917 0.93840876
61.00000000 -2.65658860 -0.28264444 0.87863229 0.01262295 0.69172535 0.22368821 -0.68652771
61.00000000 -2.34786840 0.00774043 -0.09041112 0.00232859 0.44197818 0.09687570 0.89177630
61.00000000 -1.87789875 -2.40277468 9.30654079 -0.00196420 0.87052043 0.22107540 -0.43967715
61.00000000 -2.85620837 0.27556027 -2.01563578 -0.01782486 0.30870548 0.09119291 0.94660818
61.00000000 -1.39184708 0.56280952 -1.68991947 -0.06457072 0.54034546 0.18397961 0.81854072
61.00000000 -2.60088083 0.01251270 0.68553157 -0.00388380 0.25332080 0.06822602 0.96496565
61.00000000 0.97669448 -0.58962045 1.48295410 -0.02881498 -0.60745323 -0.17922463 0.77333615
61.00000000 -1.15274347 -1.76063557 7.99167371 -0.00860730 0.93979062 0.21335396 0.26683252
61.00000000 -0.16994322 -1.22856966 4.43779016 -0.03996379 0.93001161 0.21509141 -0.29532521
61.00000000 -3.61811669 -1.23871705 5.79566324 0.00186767 0.70642996 0.14116102 -0.69356095
61.00000000 -4.80779168 -0.39267896 2.36166369 -0.01658068 -0.63332275 -0.15387877 0.75825372
61.00000000 2.82587754 0.07357473 3.83555517 0.00273598 0.26309407 0.03622067 0.96408614
61.00000000 2.80993836 0.07915687 3.82796417 0.00285039 0.26296183 0.03596392 0.96413150
61.00000000 1.71633631 0.48285602 1.67907215 0.00930509 -0.49691674 -0.15852812 0.85314478
61.00000000 -0.78478695 0.79565674 -0.91776647 0.00002263 -0.27511011 -0.08607613 0.95755174
61.00000000 -6.48060041 0.83178879 -3.84365141 -0.06110637 0.08167487 0.04350165 0.99383240
61.00000000 1.77220079 -0.00690728 3.64764257 0.00949208 0.85345415 0.19612960 0.48276194
61.00000000 -8.60323644 -0.50807627 2.47483283 -0.00380207 0.88777498 0.21595772 0.40645221
61.00000000 1.28096189 1.13537492 0.10759145 -0.00957266 0.69933149 0.17284580 -0.69351868
61.00000000 1.11561932 0.48104578 2.92311296 0.00151120 0.84607163 0.20160695 -0.49347255
61.00000000 -1.58970494 1.69144030 -7.55833910 -0.04410356 -0.34722510 -0.10270464 0.93109686
61.00000000 -14.93057699 2.28123933 -11.82428736 -0.01166776 0.40052194 0.09595844 0.91117398
