61.00000000 -0.00020659 0.00025170 -0.00056736 0.00008408 0.00010782 -0.00013248 0.99999998
61.00000000 0.12938441 0.03566671 -0.19700982 -0.03435889 -0.10668886 0.00915459 0.99365645
61.00000000 0.07712902 0.00747136 -0.04498655 -0.02686521 0.83242108 0.17843193 -0.52394222
61.00000000 -0.00203942 -0.00455241 0.04198537 -0.03840579 0.97467471 0.19877118 0.09499590
61.00000000 0.08986591 -0.00057525 0.02281750 -0.01887957 0.97021238 0.19450959 -0.14316958
61.00000000 0.13070628 0.02188803 -0.04232895 -0.02497836 0.19873044 0.06556053 0.97753983
61.00000000 0.10171853 0.06751008 -0.30539161 -0.05256505 0.53869068 0.15817894 0.82585028
61.00000000 -0.02526005 0.01798016 -0.25731778 -0.05744539 -0.26317369 -0.04054963 0.96218260
61.00000000 0.20426553 0.06597084 -0.27201748 -0.05679815 0.44261375 0.11484491 0.88751208
61.00000000 -0.04780806 -0.08906218 0.40501049 -0.04414915 0.78526942 0.15458886 -0.59791728
61.00000000 0.09435861 0.02867674 -0.19087784 -0.05066235 0.28658399 0.07003414 0.95414787
61.00000000 0.21296248 0.08205563 -0.48158136 -0.03113010 0.21960735 0.10109888 0.96983635
61.00000000 -0.01292757 0.03893588 -0.24066715 -0.05973557 0.54097707 0.19685085 0.81549078
61.00000000 0.01693007 0.00494024 -0.05886367 0.01634993 -0.45999940 -0.08272855 0.88390566
61.00000000 0.03666425 -0.00701737 0.03429300 -0.03846235 0.93598829 0.21129452 -0.27892865
61.00000000 -0.16997081 -0.07225294 0.35637465 -0.04116861 0.73611687 0.11412073 -0.66589305
61.00000000 -0.00555198 -0.01971972 0.09180114 -0.04757601 0.81010270 0.18433448 -0.55451865
61.00000000 0.01164861 0.02369786 -0.07371229 -0.05731275 0.73834866 0.20472513 0.64003447
61.00000000 0.18864532 -0.01938329 0.05912552 -0.04178495 0.76324639 0.14286040 -0.62872877
61.00000000 0.17168117 0.00207904 -0.03407519 0.01061631 -0.34254913 -0.06466429 0.93721178
61.00000000 -0.01774472 -0.02500495 0.12412162 -0.03087598 0.97716102 0.19372681 -0.08168800
61.00000000 0.03423065 -0.00608690 0.03206293 0.00925030 -0.64836010 -0.15877174 0.74453686
61.00000000 0.04100575 -0.04131772 0.23160744 0.02526227 -0.63059706 -0.12143880 0.76613431
61.00000000 -0.00315375 -0.00068872 0.00892899 -0.03898776 0.70414718 0.15788091 0.69118039
61.00000000 0.00008522 0.02935817 -0.07742079 -0.03955197 0.84011249 0.23970814 0.48496046
61.00000000 -0.04126602 0.01026292 -0.03559601 -0.03336148 0.83481816 0.17385584 -0.52128667
61.00000000 -0.14476627 -0.00514656 -0.05842362 -0.05716275 0.02089208 0.00977866 0.99809835
61.00000000 -0.04494908 0.00189038 -0.06885540 -0.05459093 0.01402612 0.06022940 0.99659195
61.00000000 0.22970876 0.09219504 -0.44677737 -0.07461523 0.53717250 0.12825410 0.83031871
61.00000000 0.06217744 0.00986481 -0.04319733 -0.02622294 0.90406261 0.20031376 -0.37663983
61.00000000 0.21633682 -0.00874007 -0.01853053 0.01176264 -0.62272402 -0.15254215 0.76733782
61.00000000 -0.01292314 -0.02911043 0.13613790 -0.01473984 0.95574281 0.21777165 -0.19726614
61.00000000 0.04293093 -0.02098471 0.10446715 -0.04425379 0.92772959 0.20998066 -0.30539734
61.00000000 -0.69368868 -0.04404581 -0.41631294 -0.02252792 0.84019526 0.19634528 -0.50498806
61.00000000 -0.91301656 -0.03572786 -0.45951387 -0.00005181 -0.59126190 -0.12338187 0.79698575
61.00000000 -0.78828185 -0.07229250 -0.32754805 -0.02059385 0.83735399 0.19272618 0.51114656
61.00000000 -0.86228211 -0.05228476 -0.33713914 -0.04547324 0.30420607 0.14780938 0.93996981
61.00000000 -0.80591234 -0.04177846 -0.42197767 0.02644678 -0.65727579 -0.13376083 0.74121329
61.00000000 -0.88959197 -0.03910680 -0.45326805 -0.05699338 -0.22515772 -0.04115792 0.97178278
61.00000000 -0.85892411 -0.04675404 -0.39009824 -0.08737119 0.44706383 0.13684549 0.87964397
61.00000000 -0.93287214 -0.08005291 -0.20520871 0.02621701 -0.20532917 -0.02257732 0.97808122
61.00000000 -0.89435850 -0.06822361 -0.30086796 -0.05178636 0.01960005 -0.03204996 0.99795131
61.00000000 -0.88948924 -0.03836825 -0.47045389 0.02419882 0.73075512 0.15255054 -0.66493586
61.00000000 -0.92080839 -0.04838159 -0.41608751 0.02484071 -0.64988710 -0.17242418 0.73979700
61.00000000 -0.82781335 -0.07507870 -0.30970000 -0.00100327 0.96629826 0.24738099 -0.07119915
61.00000000 -0.79706334 -0.05491624 -0.33371367 0.00742462 -0.29257612 -0.09366594 0.95161483
61.00000000 -0.74973779 -0.05629693 -0.33274747 0.01563855 -0.56168244 -0.12187752 0.81817733
61.00000000 -0.82369063 -0.12636899 -0.06527572 -0.00457151 0.89146059 0.23631970 -0.38656192
61.00000000 -0.73088782 -0.05083178 -0.38327257 -0.02921510 0.85952237 0.20441282 -0.46752879
61.00000000 -0.71972827 -0.09872263 -0.18062993 -0.00618152 0.95670394 0.17084888 -0.23556318
61.00000000 -1.04600587 -0.08384328 -0.35385781 -0.02592202 0.96985816 0.24175922 0.01598975
61.00000000 -0.90228497 -0.09753593 -0.15044144 -0.02973502 0.70426759 0.15895248 -0.69127209
61.00000000 -1.01252615 -0.09611804 -0.30074503 -0.03186981 0.96110848 0.26710829 0.06251366
61.00000000 -0.80254814 -0.04882166 -0.36892214 -0.07267603 0.44226531 0.10357658 0.88791412
61.00000000 -0.79642090 -0.06367295 -0.33420765 -0.00787556 0.83903291 0.20295278 -0.50474937
61.00000000 -0.81547993 -0.08238812 -0.20885035 -0.04016335 0.66899814 0.16219733 0.72423782
61.00000000 -0.92227689 -0.09003083 -0.25026279 0.00590905 0.72429218 0.15102686 0.67272343
61.00000000 -0.87886570 -0.06068896 -0.28789650 -0.00461033 -0.38800565 -0.06671030 0.91922799
61.00000000 -0.89005411 -0.07985013 -0.24845646 -0.01263369 0.79927412 0.13517787 -0.58542995
61.00000000 -0.78478903 -0.04322265 -0.35980860 -0.01346177 0.38575593 0.07829594 0.91917402
61.00000000 -0.90047685 -0.06437635 -0.33434285 -0.08509326 0.65421331 0.21612423 0.71975996
61.00000000 -0.97670794 -0.09469771 -0.30283740 -0.03420395 0.93626187 0.25122037 0.24317099
61.00000000 -0.91613735 -0.06039715 -0.31812270 0.03378547 0.46888136 0.10205004 0.87669527
61.00000000 -0.86654431 -0.05894261 -0.33532613 -0.03265285 0.05212474 0.01617978 0.99797546
61.00000000 -0.86644802 -0.06986546 -0.30038179 -0.01041671 0.60534745 0.16243114 0.77914189
61.00000000 -0.98142809 -0.12146554 -0.12636214 -0.00504816 0.95377408 0.24473163 -0.17434431
61.00000000 -0.96031979 -0.10975291 -0.15970532 -0.05225132 0.96321640 0.26309395 -0.01629571
61.00000000 -0.53711993 -0.06396225 -0.19166791 0.02948618 -0.23809186 -0.07455284 0.96792805
61.00000000 -0.57091315 0.04549002 -0.70880267 -0.02115257 0.89198858 0.22022984 -0.39421791
61.00000000 -0.95926888 -0.07389434 -0.29614146 -0.01848181 0.85971016 0.22408030 0.45863372
61.00000000 -0.16737525 0.06953707 -0.49850168 -0.04203168 0.34148260 0.11841951 0.93145037
61.00000000 -0.59098467 -0.03856684 -0.13075589 -0.00436000 -0.03400780 -0.00058427 0.99941189
61.00000000 -0.82729778 -0.04471359 -0.28429497 -0.10094174 0.49903393 0.19573455 0.83813119
61.00000000 -0.27688474 -0.04045805 -0.06620119 -0.03067660 0.93377565 0.20103347 0.29446141
61.00000000 -0.53022320 -0.08326198 -0.05982629 0.04923208 -0.52089435 -0.08652784 0.84779609
61.00000000 -0.77792737 -0.04302418 -0.38881448 -0.02901499 -0.22320817 -0.04265552 0.97340472
61.00000000 -0.47545168 -0.17966532 0.29638937 -0.04643372 0.96813458 0.22974745 -0.08817858
61.00000000 -0.51809013 0.02207386 -0.52781477 -0.07393466 0.28872720 0.11592910 0.94748652
61.00000000 -0.14540142 0.05324940 -0.52651492 -0.08237632 0.90946508 0.19720706 -0.35664658
61.00000000 -0.21298318 0.10663330 -0.65571585 -0.03411670 0.97070023 0.21566118 0.10033624
61.00000000 -0.20330916 0.01896747 -0.41691171 0.03732490 -0.53132081 -0.10214171 0.84016196
61.00000000 -0.91285833 -0.09444850 -0.17796279 -0.04028034 0.58269701 0.16349472 0.79505419
61.00000000 -1.08475869 0.04229877 -0.93743859 -0.03881621 0.96377615 0.23547289 -0.11908551
61.00000000 -0.74853933 -0.04724680 -0.25365299 -0.02416731 0.44108962 0.12464752 0.88843620
61.00000000 -0.76538750 -0.09203249 -0.14244648 0.04075743 -0.44364410 -0.07692547 0.89196481
61.00000000 -0.09707299 0.09043561 -0.77783145 -0.07543792 0.76143859 0.15976367 -0.62369541
61.00000000 -0.43759476 -0.14436187 0.19775700 -0.05354557 0.89894595 0.23834290 -0.36362304
61.00000000 -0.02325611 0.04551445 -0.52221184 -0.05856560 0.91659869 0.21985402 -0.32875693
61.00000000 -0.56844932 0.01080022 -0.50609317 -0.08262805 0.28278655 0.11638452 0.94850357
61.00000000 -0.15701571 0.06986628 -0.46454328 -0.04354339 0.29722721 0.14348297 0.94295949
61.00000000 -0.71205259 -0.03643098 -0.29929628 -0.03693623 0.94636053 0.30170561 0.10959555
61.00000000 -0.26466395 0.01603361 -0.39698685 -0.04099052 0.96844738 0.24320390 -0.03579535
61.00000000 -0.62520855 -0.04954434 -0.08581009 -0.01316776 0.21366493 0.08228476 0.97334635
61.00000000 -0.42907413 0.03605328 -0.33270966 -0.04936303 0.59200930 0.18375584 0.78314882
61.00000000 -0.84584051 -0.16689877 0.08344944 -0.05129998 0.96764866 0.23868736 0.06366105
61.00000000 -0.74047302 -0.02701790 -0.39191011 -0.03849756 0.37791869 0.15142459 0.91256013
61.00000000 -0.77561226 -0.06107944 -0.23652348 -0.06389418 0.31867279 0.12607323 0.93726769
61.00000000 -0.86010220 -0.11473598 -0.07390311 0.05711649 -0.54657367 -0.11363434 0.82769691
61.00000000 -0.74286906 -0.04619324 -0.37786765 -0.04632578 -0.19042745 -0.02535401 0.98027980
61.00000000 0.31090371 0.13293158 -0.32180139 -0.05839618 -0.17895005 -0.01827287 0.98195360
61.00000000 0.08712335 0.05795756 0.08651696 0.01814139 0.70371379 0.14464577 -0.69536709
61.00000000 0.29495609 0.13571184 -0.32003631 -0.03871059 0.63890432 0.15310239 0.75290266
61.00000000 0.57196858 -0.07065228 0.60248701 -0.04211003 0.86764690 0.17243162 -0.46441676
61.00000000 0.49742405 0.15556345 -0.21733545 -0.04463517 0.14117534 0.05680674 0.98734504
61.00000000 0.13169434 0.12546866 -0.33911644 -0.02223473 -0.00789303 0.04262983 0.99881230
61.00000000 -0.04729120 0.12595837 -0.41610979 -0.05824485 -0.04888376 -0.00344630 0.99709881
61.00000000 0.51667286 0.09202685 0.23799192 -0.04361135 -0.24984005 -0.06889920 0.96484761
61.00000000 0.81612857 -0.02797125 0.47001106 -0.01975717 0.91925721 0.21213237 -0.33102219
61.00000000 0.92088630 0.05745283 0.29503259 0.00042609 -0.39584803 -0.07294865 0.91541392
61.00000000 0.31704907 0.16327114 -0.39828395 -0.02405437 0.93049132 0.21468433 -0.29583431
61.00000000 0.22297532 0.07679082 0.48440979 -0.02593236 -0.11700253 -0.01272756 0.99271140
61.00000000 0.42498889 0.05035956 0.04574898 -0.05531512 0.96175469 0.20666117 -0.17105357
61.00000000 0.39288215 0.12530301 -0.28183899 -0.00920979 -0.65822838 -0.17534430 0.73205529
61.00000000 0.22103638 0.09483276 -0.09409574 -0.06106288 0.89769000 0.21208113 0.38137328
61.00000000 0.43665687 0.14591831 -0.04917257 -0.03859906 0.95680225 0.24719339 0.14810467
61.00000000 0.31484490 0.23099235 -0.60681377 -0.04047949 0.75989632 0.22899661 0.60702516
61.00000000 -0.05654595 -0.04312264 0.91031060 0.00804283 -0.27936323 -0.03075887 0.95965900
61.00000000 0.80795081 0.06128530 0.42880162 0.00277595 -0.36984175 -0.02548613 0.92874099
61.00000000 -0.17189777 0.09209993 -0.42951951 -0.04199025 -0.00748191 0.04570113 0.99804421
61.00000000 0.51512882 0.08226246 0.08607139 0.00483406 -0.31968988 -0.05489921 0.94591812
61.00000000 0.16529906 0.11747497 -0.21834408 -0.03932725 0.95791106 0.19530162 0.20668100
61.00000000 -0.04771232 0.12131507 -0.34105606 -0.02676959 -0.43630676 -0.03522441 0.89870966
61.00000000 -0.13705891 -0.25199852 1.25473083 -0.03617478 0.93264777 0.19703036 -0.30006427
61.00000000 -0.22671113 0.08780514 -0.20596458 -0.07227077 0.18170928 0.05985488 0.97886468
61.00000000 -0.10557181 0.11097661 -0.37585920 -0.05072391 -0.17761987 0.03615285 0.98212588
61.00000000 0.99235577 0.05941313 0.04934251 -0.04267595 0.75385100 0.12490752 -0.64365018
61.00000000 0.51143354 0.04825713 0.08480231 -0.04103085 0.84849614 0.21050775 -0.48379465
61.00000000 0.51565754 0.18808997 -0.20440212 -0.06865441 0.72155926 0.20745312 0.65696424
61.00000000 0.21902772 0.05551672 0.17709471 -0.03869750 0.96394905 0.20725092 0.16233232
61.00000000 -0.02257489 0.07939549 0.36161865 -0.04060446 0.19886498 0.06122624 0.97726933
61.00000000 0.68393336 0.06293905 0.28570798 -0.01661717 0.97347380 0.18577108 0.13252068
61.00000000 0.69937263 -0.06702692 0.66356291 -0.04517864 0.79182267 0.15568094 -0.58884564
61.00000000 1.09578734 0.00974950 0.86858687 0.03346403 -0.67734350 -0.10866091 0.72682786
61.00000000 0.14321202 0.20796424 -0.73259428 -0.00222319 -0.43069519 -0.08457353 0.89852325
61.00000000 0.79056307 0.16177922 0.35019655 -0.01731163 0.93995211 0.18331391 -0.28737839
61.00000000 -1.09149478 0.09509882 -1.30728130 -0.02583521 0.00596671 0.02482147 0.99934020
61.00000000 -0.85188955 0.14569164 -1.38749001 -0.09674111 0.34603253 0.08808442 0.92905532
61.00000000 -0.85392859 -0.03216296 -0.07732418 -0.06876075 0.78144753 0.24498748 0.56973050
61.00000000 0.12420515 0.02741187 0.77602463 -0.00471555 -0.20458360 -0.01941814 0.97864511
61.00000000 0.53207935 -0.01963566 0.95013116 -0.01449350 0.87234381 0.17540253 0.45611421
61.00000000 -1.17615838 0.02535171 -0.85046536 -0.06211345 -0.12516606 -0.02446346 0.98988732
61.00000000 -0.19894865 -0.33495430 2.59674391 -0.03256583 0.83174447 0.12754223 -0.53932698
61.00000000 0.71107588 0.14700456 0.54761454 0.00145026 0.77179880 0.17295713 0.61189079
61.00000000 1.11822655 0.02142209 0.99969663 -0.02309051 -0.04202031 -0.01835314 0.99868127
61.00000000 -0.86081969 0.24525344 -1.52803178 -0.03006462 -0.42164985 -0.06112456 0.90419650
61.00000000 0.22529844 0.34834087 -1.19682610 -0.11402050 0.61019610 0.19923711 0.75826422
61.00000000 -0.12984399 -0.08730862 1.06553469 -0.01476230 0.27550072 0.08931724 0.95702866
61.00000000 0.18386086 -0.26779317 1.26062733 -0.04439612 0.93963166 0.30929964 0.13948139
61.00000000 -1.34390456 -0.00270914 -0.50712707 -0.05349940 -0.18973015 -0.00098876 0.98037712
61.00000000 -1.33813835 -0.72376749 2.92718644 -0.02930213 0.97647461 0.20994192 0.03953618
61.00000000 0.94838862 0.29336272 -1.79670307 -0.06646231 -0.14193145 -0.01967642 0.98744674
61.00000000 -2.22700790 -0.56518614 1.96689013 -0.03762754 0.96355032 0.21370132 -0.15648223
61.00000000 0.76387690 0.13998357 0.23991895 -0.04073345 0.54912224 0.15718446 0.81981620
61.00000000 0.06395379 0.05795183 0.26265017 -0.04166088 0.40252431 0.12128212 0.90638248
61.00000000 2.17986745 0.19725043 1.21124657 0.01621551 0.50216395 0.11317541 0.85718128
61.00000000 -0.45329567 -0.10511357 0.43809084 -0.05767949 0.85435127 0.26567268 0.44291648
61.00000000 0.44404796 0.08883602 0.47783374 -0.03737663 0.83871529 0.15631856 -0.52031159
61.00000000 -1.34829307 0.15755429 -2.00438989 -0.05929374 -0.21516998 -0.03152044 0.97426515
61.00000000 0.06452897 -0.20484122 2.22426031 0.00800923 0.06426489 0.03890942 0.99714188
61.00000000 1.05177851 0.20326005 0.08919887 -0.02938797 0.85597782 0.16060778 -0.49055424
61.00000000 -0.64638245 -0.16253419 1.47346415 -0.01583883 0.70902813 0.09803021 -0.69815351
61.00000000 -2.09824676 -0.60434694 2.08884644 -0.03289220 0.97930365 0.19023272 -0.06077809
61.00000000 -1.18503707 -0.46854802 3.54646318 0.04128244 -0.66926804 -0.12129933 0.73188969
61.00000000 1.05575689 -0.00762760 1.08727278 -0.02047983 0.91994979 0.16838811 -0.35343799
61.00000000 0.82371007 0.07462766 0.28654514 -0.04341855 -0.13202050 -0.00905529 0.99025422
61.00000000 1.72743706 0.47661192 -0.80743668 -0.04885236 -0.14413961 -0.02338681 0.98807402
61.00000000 2.10010875 0.56860422 -1.60578254 -0.06694033 0.28847607 0.07877756 0.95189004
61.00000000 1.83263764 -0.04775528 2.71045629 -0.00952129 -0.65333759 -0.13567266 0.74474980
61.00000000 2.03440884 -0.01186948 1.95670229 -0.01645104 0.91450195 0.22820869 0.33367101
61.00000000 0.92570755 -0.02402262 1.21299480 -0.01903220 0.95560560 0.18590292 -0.22780653
61.00000000 0.01508636 0.30295841 -1.77706491 -0.06824313 0.38999570 0.08532216 0.91431196
61.00000000 1.21939406 0.54838615 -1.75320783 -0.10971853 0.55116189 0.20684939 0.80087187
61.00000000 2.23027967 0.60411197 -2.14573187 -0.05327044 -0.13161537 -0.01523551 0.98975125
61.00000000 2.60339729 0.35769862 0.46967300 -0.02723070 -0.46517888 -0.07621338 0.88150928
61.00000000 1.15645748 0.34024521 -0.40233376 -0.04836620 0.79225716 0.19631110 0.57571803
61.00000000 -0.26478846 -0.26611204 1.72613338 -0.03967493 0.96403554 0.26232598 -0.01569863
61.00000000 1.90865233 0.49568452 -1.05555301 0.01612596 -0.61958301 -0.10175498 0.77814059
61.00000000 2.33614397 0.06900798 1.26297186 -0.00993864 0.87928779 0.18395885 -0.43921903
61.00000000 -0.07751029 -0.02921223 1.47129384 -0.02732869 0.96694086 0.22136344 0.12359915
61.00000000 1.70272836 0.44038018 -0.54734990 -0.02090426 0.94009118 0.18417803 -0.28612941
61.00000000 0.78798348 -0.09370413 2.55680407 0.01210982 -0.67336569 -0.14566397 0.72471650
61.00000000 0.21725374 0.18223593 2.34543943 0.00528529 -0.26977441 -0.02180041 0.96266223
61.00000000 0.43521440 0.41130230 -0.22964987 -0.06705502 -0.00374929 0.03417475 0.99715678
61.00000000 1.54867808 0.48466362 -0.71387905 -0.01785995 0.76951509 0.17207465 -0.61475025
61.00000000 1.62685544 0.55896564 -1.94325253 -0.05176839 -0.36248280 -0.06509319 0.92827212
61.00000000 1.21923742 -0.12508775 2.15479032 -0.05736402 0.92220295 0.15691463 -0.34875334
61.00000000 -0.80709059 -0.06287134 0.86755349 -0.03020221 0.98142777 0.18918801 0.00975957
61.00000000 0.28011581 -0.13827552 2.87333322 -0.01505646 0.71119048 0.14230918 -0.68828011
61.00000000 1.46821454 0.44194172 -0.70681122 -0.06770401 0.38222957 0.08818473 0.91735499
61.00000000 -0.09802516 0.52705189 -1.05365443 -0.03436882 -0.43037780 -0.04732473 0.90075197
61.00000000 1.96577532 0.53767624 -0.88733270 -0.04869109 0.62617988 0.12884136 0.76741634
61.00000000 0.65315957 0.59498115 -1.96982392 -0.05121388 0.84008057 0.18995881 0.50552687
61.00000000 3.00448994 0.49013159 -1.03084832 -0.01374739 -0.28205013 -0.03286807 0.95873793
61.00000000 1.72952833 0.48750930 -0.24707815 -0.03145556 0.16351984 0.02522180 0.98571582
61.00000000 0.03014291 0.33230905 -0.66888520 -0.03648146 0.95149261 0.21357343 0.21844293
61.00000000 -1.18068758 0.33428159 -0.86569364 -0.06420432 0.06517828 0.02421792 0.99551147
61.00000000 0.25784943 0.36205881 -0.60359937 -0.02623843 0.97542083 0.20744167 0.06952477
61.00000000 1.73420000 0.48747108 -1.09753806 -0.02017011 -0.07088787 -0.00596314 0.99726251
61.00000000 0.96480520 0.16448237 -0.47369220 -0.03353253 0.12860228 0.03525678 0.99050188
61.00000000 1.26846165 0.05033998 0.35505373 -0.01104648 0.98058489 0.19192878 -0.03866000
61.00000000 0.24212854 -0.07876423 0.27177330 -0.03487360 0.95882938 0.20598784 0.19235141
61.00000000 -1.12254809 -0.10565490 0.28422706 -0.03448837 0.31835591 0.07487026 0.94438049
61.00000000 1.21411834 0.19236003 -0.84774464 -0.00337844 -0.45166699 -0.07084232 0.88936319
61.00000000 1.80199113 -0.01730107 2.18939910 -0.00434568 -0.40377027 -0.04945199 0.91351255
61.00000000 0.08660536 0.04317995 -0.76638443 -0.05708673 0.60538360 0.14000782 0.78144073
61.00000000 2.68102819 0.39694897 -1.91508466 -0.04396198 0.09874399 0.01712873 0.99399375
61.00000000 0.69977478 0.18955391 -0.72945477 -0.02511132 0.91284865 0.19008422 0.36047849
61.00000000 3.34037208 0.14651522 0.48172853 -0.02957654 -0.13097686 -0.03591901 0.99029294
61.00000000 1.53778956 0.20956235 2.71539338 -0.05496973 0.42085371 0.06150359 0.90337024
61.00000000 2.48516290 -0.11470863 2.07537286 -0.00689565 -0.59753327 -0.08254571 0.79755417
61.00000000 0.96741791 0.15786681 -0.45380903 0.01823407 0.76385076 0.16843095 -0.62276043
61.00000000 -0.10884435 0.19643766 0.36935575 -0.02064418 -0.62022200 -0.12503481 0.77412194
61.00000000 -0.80292787 0.07161671 -1.42842650 -0.09834583 0.20088917 0.06763800 0.97231514
61.00000000 0.39737920 0.09429517 0.11656084 -0.04140838 0.32030003 0.09447703 0.94168324
61.00000000 1.28256620 0.59625988 -2.06580316 -0.01152234 0.98388776 0.17432766 0.03797332
61.00000000 3.08817760 0.08825546 0.27553399 -0.02161813 -0.24347886 -0.06185221 0.96769055
61.00000000 3.58525679 0.26610415 0.67922967 -0.02676565 -0.03488759 0.01933890 0.99884556
61.00000000 -1.25169100 0.11348946 -2.66928749 -0.07249232 0.66773018 0.17587216 0.71968761
61.00000000 2.01406056 0.38039963 -1.26012294 -0.07482510 0.43330659 0.08676956 0.89393380
61.00000000 2.04539011 -0.05051193 1.47396763 -0.00115620 0.80303088 0.09945787 -0.58757825
61.00000000 1.36089639 0.14944242 0.62754443 -0.07281771 -0.02210060 -0.00059421 0.99710019
61.00000000 1.14144258 0.19682106 -0.29579883 -0.03498173 0.78272253 0.17933305 0.59494653
61.00000000 0.45184172 0.12479393 -0.06814947 -0.05960778 0.19802443 0.09015792 0.97422009
61.00000000 1.46584657 0.74288048 -2.57000353 -0.03607111 0.94243806 0.15844969 0.29223805
61.00000000 1.44654223 0.05166684 0.59111711 -0.03912926 0.93996756 0.20628346 0.26902978
61.00000000 1.90535357 0.20641116 0.09046463 -0.03861140 0.98159985 0.18035867 0.04941300
61.00000000 -0.31828583 -0.02046473 -0.10384229 -0.06299516 0.48694329 0.12437039 0.86223538
61.00000000 0.46145539 0.20669981 -1.92274020 -0.06470812 -0.14290310 -0.00580583 0.98760207
61.00000000 0.43047248 0.12404916 0.02547266 -0.06521499 0.13496767 0.07680986 0.98571344
61.00000000 2.56962333 0.27556498 0.92632597 -0.02429382 0.22360306 0.04658345 0.97326331
61.00000000 -0.01559377 0.10871775 -1.92340998 -0.09301452 0.01001283 0.02830352 0.99521201
61.00000000 -1.96390618 -0.01256944 -2.12648175 -0.08963707 -0.06420446 0.03773217 0.99318642
61.00000000 1.63417373 1.03593160 -2.71642772 -0.08158834 0.93287198 0.25944046 0.23618607
61.00000000 -1.98258847 -0.00680370 -2.12695839 -0.03105404 0.82895234 0.19131944 -0.52466231
61.00000000 -0.80495770 0.21627338 -1.60046973 -0.04190323 0.93826321 0.22556081 0.25889880
61.00000000 -4.23964949 -0.60340216 -0.76818689 -0.06600241 0.40983700 0.15752095 0.89602705
61.00000000 -2.34530626 -0.25084342 0.11536371 -0.06549181 -0.25155455 -0.03466848 0.96500219
61.00000000 0.33769213 -0.01459049 -0.77219639 -0.04551465 0.79313430 0.15201375 -0.58801209
61.00000000 1.78611054 0.46122046 3.65030739 -0.04912379 0.42753557 0.09730330 0.89740306
61.00000000 -1.96418930 0.10911153 -2.87347295 -0.07533368 0.64154895 0.19515645 0.73800660
61.00000000 -2.18816694 0.05136525 -2.66916831 -0.08490606 0.77385288 0.17732821 0.60207756
61.00000000 -5.35685853 -0.71806707 0.21701356 -0.06775175 -0.11165302 0.07543537 0.98856098
61.00000000 -0.25511401 0.19062399 -0.93665024 -0.04357671 0.94812438 0.23383273 0.21091107
61.00000000 -1.72673445 0.19513471 -2.64743435 -0.08908180 0.65366443 0.20255303 0.72371232
61.00000000 -1.80599112 0.02391840 -2.16205653 -0.03512351 0.90993431 0.17864249 -0.37265635
61.00000000 -3.75626423 -0.28660563 -1.83512103 -0.03347600 -0.26062573 0.00083015 0.96485900
61.00000000 1.21762329 0.39120437 -2.10046123 -0.08280393 -0.00232384 0.03504679 0.99594670
61.00000000 0.46195596 0.13481740 -2.24648848 -0.02505159 0.76833871 0.13834539 -0.62441060
61.00000000 -1.15998099 0.19026814 -3.20868873 -0.09846227 0.26249182 0.09630847 0.95505388
61.00000000 3.28692403 0.85515970 1.20098423 -0.06159775 0.65992226 0.13936773 0.73572071
61.00000000 1.86697995 0.31816966 1.68992073 -0.04638755 0.00369510 0.05175566 0.99757501
61.00000000 -3.69736762 -0.38213356 -1.19859892 -0.08506274 0.18925505 0.13094329 0.96943319
61.00000000 1.16228653 0.15924424 -2.14942740 -0.08336957 -0.36198781 -0.06484049 0.92618036
61.00000000 -2.28912171 -0.09112656 -2.73851300 -0.11456528 0.40066999 0.11970845 0.90111500
61.00000000 -1.40140758 0.21738201 1.07102582 -0.08568246 0.28809966 0.06819256 0.95131849
61.00000000 0.18865388 -0.18025470 0.09861807 -0.01897793 0.72288381 0.12052092 -0.68011289
61.00000000 -5.04872227 -0.74141172 0.73056954 -0.07665818 -0.14252600 0.03161711 0.98631142
61.00000000 1.47079555 -0.52291008 3.56496526 0.02127294 -0.44159810 -0.03823853 0.89614530
61.00000000 -2.00032550 -0.34758531 0.05018827 -0.10203664 0.77994475 0.21353445 0.57937703
61.00000000 -1.74966048 0.03471247 0.55942199 -0.10383747 0.48942031 0.11452084 0.85823687
61.00000000 -0.96896138 0.01996330 1.42275380 -0.08881416 0.62394933 0.14561297 0.76262451
61.00000000 1.18781444 0.31632960 1.16052812 -0.07722073 0.01678987 0.02075529 0.99665655
61.00000000 -1.91586248 -0.83629048 3.15042126 -0.04033426 0.86979162 0.11638088 -0.47779826
61.00000000 -4.21686690 -0.32938737 -1.83524328 -0.08026520 -0.07559276 0.00707946 0.99387782
61.00000000 -4.03892354 -0.17749487 -3.47457736 -0.06971513 -0.06480559 -0.01913536 0.99527578
61.00000000 -3.99929551 -1.03207254 -0.23210463 -0.01999342 0.95919978 0.26650086 -0.09226772
61.00000000 -1.18056826 -0.44905827 -0.92497256 -0.03846017 0.94595087 0.20606668 -0.24745563
61.00000000 5.49193331 1.00879080 -2.21288358 -0.07737867 0.28508184 0.05253213 0.95392938
61.00000000 4.83938454 -0.08332942 -2.18038031 0.01121113 -0.63113941 -0.11710327 0.76669693
61.00000000 1.28033923 -0.47659551 -1.29768500 -0.01499198 0.95398700 0.19662304 -0.22588365
61.00000000 -3.75961956 -0.04677419 -2.83066038 -0.08872708 0.37867142 0.09307859 0.91655433
61.00000000 -2.41084860 0.24550650 -4.39087805 -0.06801403 0.53454472 0.12337815 0.83331499
61.00000000 -1.77163087 -0.63872466 1.53669502 -0.04364649 0.97423367 0.20016530 0.09432705
61.00000000 -1.77814746 -0.34967559 -0.35622883 -0.03033680 0.87668486 0.22066554 0.42639191
61.00000000 3.41321088 -0.20292023 -1.83209119 -0.02682736 0.81025695 0.18379137 -0.55586393
61.00000000 2.02078542 -1.76594699 6.94598913 0.01545831 -0.57851527 -0.11208481 0.80778593
61.00000000 0.49553003 -0.48592957 2.28684680 -0.02326776 -0.13946833 -0.01249754 0.98987424
61.00000000 3.63079002 -0.64095005 2.13389425 -0.02244655 -0.22788077 -0.06542158 0.97122939
61.00000000 -5.99016022 -0.69671112 -1.14464475 -0.05273425 0.24257050 0.16157833 0.95512884
61.00000000 -3.02043666 -0.09509167 -0.67564111 -0.07617189 0.07558764 0.06250669 0.99225867
61.00000000 -1.89419856 -1.32246329 4.25208658 -0.05972378 0.84376057 0.21036935 0.49014887
61.00000000 3.15874163 0.52135767 -1.16141838 -0.06240382 0.11473366 0.03411866 0.99084705
61.00000000 -2.68371244 -0.86138624 0.82559554 -0.03368061 0.96870196 0.18418664 -0.16296444
61.00000000 -0.94829203 0.25265442 -1.27539809 -0.07755838 0.52158195 0.11151479 0.84231907
61.00000000 -5.66440401 -0.73051262 0.83764761 -0.05369611 0.01772540 0.03183073 0.99789245
61.00000000 -2.61713588 -0.40477209 -0.85895886 -0.04880786 -0.40808721 -0.11758993 0.90402170
61.00000000 -3.41855945 -0.47875900 -0.67192900 -0.03350340 0.73632593 0.16527718 0.65527482
61.00000000 3.53864694 -1.32473217 4.44705693 -0.01033756 -0.66003883 -0.13810481 0.73835557
61.00000000 -4.62938513 -0.33345151 -2.67390872 -0.04053891 0.63350286 0.17374056 0.75289105
61.00000000 -3.52575537 0.23387584 -3.37766247 -0.07057386 0.79378153 0.25353281 0.54831681
61.00000000 -3.20886770 -0.12455481 -2.01541142 -0.03039902 0.58003432 0.15454500 0.79921957
61.00000000 0.47795919 -0.16057316 -2.47478773 -0.06007399 -0.30267023 -0.06718045 0.94882487
61.00000000 2.46845209 -0.60278101 2.69316320 -0.02958698 0.97592321 0.19357886 -0.09605064
61.00000000 1.10797245 -0.50676637 -0.41771282 -0.03779617 0.76397306 0.15661630 -0.62481033
61.00000000 0.27846661 -0.81429520 2.77258349 -0.00808018 -0.41338678 -0.04502078 0.90940596
61.00000000 -2.97280711 -0.59869116 1.23901221 -0.03516472 -0.32374239 -0.04669224 0.94433794
61.00000000 2.86585564 0.94650115 -1.85318472 -0.03981004 0.59854202 0.12054449 0.79096880
61.00000000 7.23839794 1.63005048 -1.45812915 -0.03965796 0.55604755 0.13201460 0.81964047
61.00000000 1.63800274 1.51853975 -3.69378784 -0.01622266 -0.17248605 -0.04411764 0.98388974
61.00000000 0.25305011 0.88736814 -3.17434481 -0.02600031 0.06219747 0.03577870 0.99708342
61.00000000 -15.69033966 -0.59074611 -5.32789585 -0.07867365 0.40142262 0.18123264 0.89432939
61.00000000 6.95651355 1.57531633 -1.47582694 -0.03381906 0.97251894 0.20466039 0.10572274
61.00000000 0.19042886 -0.93729806 4.09314498 -0.03989198 0.97392651 0.22070189 0.03415345
61.00000000 0.39856845 1.97884598 -4.65822362 0.00948134 -0.42247446 -0.06507407 0.90398606
61.00000000 4.93066110 1.50189062 -1.38785857 0.01083970 -0.63383841 -0.11091926 0.76539420
61.00000000 -6.26657249 0.65610477 -7.59314658 -0.06703784 -0.01603305 0.03265252 0.99708710
61.00000000 -11.04288122 -0.78420539 -4.06282862 -0.05046730 0.65503521 0.18552839 0.73072645
