77.00000000 -0.00045964 0.00017386 -0.00027849 0.00002638 0.00036948 -0.00015749 0.99999992
77.00000000 -0.01139024 -0.11753379 -0.12603903 0.40750340 0.12188219 -0.13257371 0.89527087
77.00000000 -0.02798154 0.18285672 -0.03354427 -0.14565073 -0.01226105 0.02162990 0.98902360
77.00000000 -0.02831537 -0.09973641 -0.17005286 0.49687715 0.14817747 -0.13872881 0.84374810
77.00000000 -0.02482690 0.05767426 0.03842420 0.23700950 0.07479554 -0.06736162 0.96627870
77.00000000 -0.00505208 -0.08166899 -0.12108315 0.57321048 0.13658861 -0.20764369 0.78080561
77.00000000 -0.00865897 -0.12223159 -0.16558379 0.48662520 0.06330744 -0.19808400 0.84849915
77.00000000 0.00373178 -0.04160809 -0.01513662 -0.04316215 0.00162710 -0.01438703 0.99896316
77.00000000 -0.00458391 0.00893829 0.00528195 0.01749273 0.02477283 -0.02161925 0.99930622
77.00000000 0.00816501 -0.09279267 -0.14402039 0.46832080 0.18602177 -0.14732154 0.85109805
77.00000000 -0.04032146 -0.06279849 -0.21636167 0.57018963 0.15941416 -0.30978494 0.74397863
77.00000000 -0.03159591 0.18266338 -0.01048988 -0.29134884 -0.04152451 0.07781825 0.95254181
77.00000000 -0.11219577 0.25258011 -0.22559008 -0.34949815 0.08184783 -0.05350154 0.93182056
77.00000000 -0.06300049 0.17268144 -0.09751204 -0.40906329 -0.04048134 -0.11521619 0.90429736
77.00000000 0.00396856 -0.12245118 -0.12828213 0.56312119 0.13366776 -0.23339695 0.78137911
77.00000000 0.01338065 -0.05913957 -0.14252022 0.49294550 0.10763598 -0.16842737 0.84678890
77.00000000 -0.02418437 0.11198834 0.08957455 0.34538909 0.09243712 -0.06807658 0.93141147
77.00000000 -0.06158753 -0.12946558 -0.25407505 0.57458721 0.09435762 -0.17921443 0.79298699
77.00000000 -0.02829091 0.09952126 0.05506329 0.30557755 0.07197671 -0.07689931 0.94632352
77.00000000 -0.01671678 0.13729623 -0.01655884 -0.19013982 -0.01989143 0.02596209 0.98121208
77.00000000 -0.08011226 -0.02970026 -0.22423495 0.56346811 0.11799561 -0.30528567 0.75853898
77.00000000 0.00797996 -0.08300320 -0.13985410 0.51099145 0.20818179 -0.14986013 0.82042064
77.00000000 -0.06757192 -0.09223101 -0.24625117 0.54760650 0.11841749 -0.14216847 0.81602239
77.00000000 -0.01286651 0.03686671 0.01271141 0.42344907 0.11196488 -0.14560042 0.88710499
77.00000000 -0.03621366 -0.01621098 -0.13006853 0.63582430 0.20075105 -0.32300628 0.67163488
77.00000000 0.02094881 -0.04217931 -0.08953180 0.51708539 0.20154596 -0.18764384 0.81042687
77.00000000 -0.01865711 -0.10976886 -0.19725671 0.43450768 0.14137482 -0.10227318 0.88360423
77.00000000 0.01610946 -0.02502489 -0.04510539 0.41576633 0.12680873 -0.12106123 0.89241363
77.00000000 -0.05596759 -0.03355104 -0.17073165 0.35866342 0.15342261 -0.10161436 0.91514839
77.00000000 -0.03874975 -0.10507506 -0.21472979 0.39502273 0.16205081 -0.12794493 0.89516852
77.00000000 -0.01145957 -0.10038700 -0.16891664 0.54555177 0.10234605 -0.16043402 0.81618593
77.00000000 -0.05192560 -0.09176593 -0.23028143 0.55370199 0.10981304 -0.16833059 0.80809653
77.00000000 -0.03558192 0.22112596 -0.05946045 -0.21692622 -0.05626391 -0.07635326 0.97156964
77.00000000 -0.03577389 0.22119811 -0.05959253 -0.21692380 -0.05621962 -0.07643545 0.97156628
77.00000000 -0.08940570 -0.07942531 -0.24015873 0.23732525 0.02141523 -0.14869433 0.95974377
77.00000000 -0.03375675 0.22904300 -0.06717192 -0.28400461 -0.06901620 -0.05888029 0.95452148
77.00000000 -0.09149286 -0.19887457 -0.33258712 0.29690798 0.01605382 -0.16534638 0.94034488
77.00000000 -0.02002005 -0.16512653 -0.20081494 0.26865671 0.05189532 -0.12300728 0.95393902
77.00000000 0.03881824 0.13515890 -0.03397256 0.03378535 0.09018611 -0.07003372 0.99288483
77.00000000 -0.01002453 -0.09208758 -0.23874045 0.46247188 0.03942931 -0.19708258 0.86355286
77.00000000 0.02007538 0.06357122 -0.19682123 0.46756137 0.03083095 -0.15486077 0.86974362
77.00000000 -0.00106287 0.28310024 -0.12068545 -0.00828507 -0.00272865 -0.07130918 0.99741612
77.00000000 0.04270271 0.18274071 -0.09683213 0.02144577 -0.02989370 -0.05717315 0.99768616
77.00000000 0.02989286 0.12711081 -0.06085294 0.41625976 0.04145774 -0.14949754 0.89591269
77.00000000 -0.01981692 0.06981962 -0.10006700 0.12393562 -0.03292353 -0.15928978 0.97886811
77.00000000 -0.10337313 -0.11687282 -0.28824679 0.32760052 0.04721762 -0.17185478 0.92785469
77.00000000 -0.02796762 0.13246505 -0.03045300 -0.42248623 -0.04118975 0.01773246 0.90525927
77.00000000 -0.03567717 0.38890683 -0.13534583 -0.20335267 -0.03353384 -0.01753130 0.97837407
77.00000000 -0.00382673 0.26598258 -0.09161265 -0.06287694 0.01281571 -0.04768145 0.99679924
77.00000000 0.00562674 -0.06182982 -0.16733392 0.44698794 0.06101335 -0.22683063 0.86314948
77.00000000 -0.00971521 0.19778531 -0.08210564 -0.03183008 0.00381650 -0.04833813 0.99831644
77.00000000 0.07581678 0.09404643 -0.06339542 0.27055390 0.10192770 -0.19166795 0.93790976
77.00000000 -0.06793355 -0.22582078 -0.28794520 0.35080164 -0.01275960 -0.14643419 0.92484184
77.00000000 -0.04674347 0.40412464 -0.09219104 0.02902504 -0.02450635 -0.11146063 0.99304255
77.00000000 -0.01828839 0.25032439 -0.09592787 -0.04151615 0.00290268 -0.06646759 0.99692028
77.00000000 -0.04924143 -0.05471100 -0.22328938 0.38760878 0.04384622 -0.16902361 0.90513422
77.00000000 -0.06078431 -0.13361376 -0.20804627 0.29725828 0.01062214 -0.14097134 0.94427314
77.00000000 -0.02201019 0.05344339 -0.18287315 0.49152448 0.04556864 -0.15226362 0.85623768
77.00000000 0.01442315 0.18404404 -0.10906419 0.03203411 -0.01771675 -0.07421609 0.99657007
77.00000000 -0.07137777 -0.07260529 -0.26779384 0.39401599 0.02588343 -0.16123380 0.90448057
77.00000000 -0.04579611 0.23080981 -0.09950023 -0.14459289 -0.02976437 -0.05265428 0.98764088
77.00000000 -0.04661771 0.36911589 -0.07501928 0.02432761 -0.03559993 -0.12085451 0.99173333
77.00000000 0.00741682 0.07584759 -0.15702424 0.43105291 0.01386139 -0.14300745 0.89081430
77.00000000 -0.00934914 0.06024288 -0.07972349 -0.42820339 -0.11827570 0.07248525 0.89297178
77.00000000 0.00607547 0.20392696 -0.06020341 0.04756073 0.10170750 -0.07873663 0.99055242
77.00000000 -0.01140093 0.19562977 -0.09314949 0.13222341 -0.00368630 -0.15569934 0.97890812
77.00000000 -0.01163506 0.19597985 -0.09336355 0.13238779 -0.00358195 -0.15568844 0.97888802
77.00000000 -0.07468927 0.02585652 -0.59762414 0.68865436 -0.00566029 -0.18941057 0.69989054
77.00000000 -0.11334493 -0.08501889 -0.66637789 0.68581683 0.01005822 -0.13049772 0.71590813
77.00000000 -0.06893019 -0.04523315 -0.41881615 0.59343965 -0.00782901 -0.14676372 0.79134600
77.00000000 -0.19136187 0.02773436 -0.59298630 0.48550083 0.01332945 -0.26739134 0.83223382
77.00000000 -0.06062304 -0.00673131 -0.11592909 -0.29202757 -0.04138663 -0.05135559 0.95413293
77.00000000 -0.04801236 0.14068028 -0.09305953 0.05626482 -0.01161746 -0.10787796 0.99250272
77.00000000 -0.08940442 0.19059316 -0.51755131 0.52374463 0.02171522 -0.23066909 0.81976325
77.00000000 -0.04558229 0.03715587 -0.13512446 -0.12273876 -0.06222839 -0.07366879 0.98774275
77.00000000 -0.04585943 0.11347316 -0.09484818 -0.09527860 -0.01832627 -0.06983860 0.99282864
77.00000000 -0.01068111 -0.36528947 -0.51351675 0.41694932 -0.00411081 -0.09538393 0.90390169
77.00000000 -0.01809437 0.19854056 -0.10039932 0.25496808 0.00828415 -0.18464344 0.94912036
77.00000000 -0.04106058 0.10233356 -0.23698605 0.47310310 -0.00178966 -0.16711591 0.86501013
77.00000000 -0.07560064 0.06079278 -0.58169294 0.71670121 0.00491864 -0.20107500 0.66774548
77.00000000 -0.02711691 0.15646423 -0.10864369 0.39727420 0.06158953 -0.16505451 0.90063142
77.00000000 -0.05853450 -0.10455183 -0.04219626 -0.30245250 -0.00116203 -0.02500320 0.95283575
77.00000000 -0.02468370 0.16220559 -0.11419738 0.20703186 -0.02813192 -0.15217604 0.96601701
77.00000000 -0.02938272 0.09455116 -0.34188625 0.69627938 0.05513921 -0.17338471 0.69432877
77.00000000 -0.06414807 0.03801162 -0.07316704 -0.38721156 0.02419685 0.00677713 0.92164841
77.00000000 -0.07689374 -0.21572133 -0.42613494 0.37541481 0.04668237 -0.14544742 0.91418244
77.00000000 -0.00408664 -0.35010352 -0.51338077 0.37478312 0.02564415 -0.11754809 0.91927278
77.00000000 -0.05962345 -0.09333286 -0.63642815 0.65522206 0.02156656 -0.15797721 0.73841867
77.00000000 -0.04439750 0.02805673 -0.40438917 0.64356979 0.02562894 -0.13975930 0.75208272
77.00000000 -0.04005055 -0.36020545 -0.57314513 0.37669184 0.02486727 -0.15895922 0.91225920
77.00000000 0.00164614 -0.09941461 -0.12071560 -0.38952305 -0.15205013 0.16809422 0.89269081
77.00000000 -0.05217860 0.12911955 -0.21958719 -0.20268990 -0.16056058 0.01570944 0.96586247
