489.00000000 -0.00028343 0.00005473 -0.00002633 -0.00012286 -0.00001666 -0.00086174 0.99999962
489.00000000 0.08877724 -0.11260524 0.20215002 0.15179136 0.05737593 -0.06471105 0.98462169
489.00000000 -0.13603111 0.33315939 -0.34895334 -0.48805470 0.02068798 0.28419087 0.82499101
489.00000000 -0.15702201 0.45226035 -0.35658091 -0.46827370 -0.01810224 0.28232270 0.83706986
489.00000000 0.07406209 -0.06580850 0.19885492 0.06139064 0.00114024 0.00368876 0.99810635
489.00000000 -0.07125268 0.31095290 -0.14902011 -0.40664381 -0.03815355 0.24281391 0.87990143
489.00000000 -0.12885715 0.36600694 -0.35780454 -0.48624201 0.05743059 0.23969883 0.83834057
489.00000000 -0.04353179 -0.24266542 0.14618652 0.09577016 -0.01123755 -0.00745634 0.99531211
489.00000000 0.09367947 -0.07914543 0.24312375 0.08682125 0.01434561 -0.00876215 0.99608207
489.00000000 -0.10222414 0.35491407 -0.28899378 -0.45344384 -0.01116240 0.24674159 0.85637764
489.00000000 0.00079652 0.09846509 0.00178741 0.31892828 0.05290634 -0.08416946 0.94255036
489.00000000 0.02779339 -0.07653370 0.11361005 -0.31204410 0.05782627 0.09296118 0.94373875
489.00000000 0.19234632 -0.15088451 0.34315887 0.16993906 -0.04934249 -0.02634756 0.98386576
489.00000000 0.00717968 -0.04841366 0.05430970 -0.07659976 0.03485320 0.07166452 0.99387219
489.00000000 0.11575893 0.46965373 0.06964183 -0.28445916 0.07740751 0.12395510 0.94748414
489.00000000 -0.14218897 -0.36752266 0.03600326 0.23858554 0.00175139 -0.05820082 0.96937430
489.00000000 0.01855279 -0.06660116 0.09373658 -0.25560406 0.05648431 0.09312608 0.96062668
489.00000000 0.18309955 -0.34051171 0.28959268 0.31984198 0.08823016 -0.11021434 0.93689345
489.00000000 0.00338442 0.01487992 0.05802283 0.10346920 0.08079652 -0.02259290 0.99108809
489.00000000 0.18861127 0.38191536 0.12080714 -0.25332650 0.10398679 0.10077196 0.95648181
489.00000000 0.01099931 -0.14834160 0.17631224 0.10511463 -0.00259894 -0.02642278 0.99410563
489.00000000 -0.00003235 0.02203337 0.04745595 0.17111543 0.08589560 -0.05043173 0.98020309
489.00000000 0.07565111 -0.04683131 0.23451966 0.01721138 0.04467964 0.00373149 0.99884612
489.00000000 -0.05119988 0.01764175 -0.01979018 -0.50766561 -0.05615273 0.28934346 0.80956955
489.00000000 0.07232672 -0.37876788 0.17245686 0.41476078 0.03302211 -0.13309841 0.89953758
489.00000000 0.04694356 -0.33544728 0.23764008 0.27723705 -0.07014507 -0.10576484 0.95238285
489.00000000 -0.06862356 -0.02441979 -0.07611017 -0.47420668 -0.03582266 0.27414457 0.83587650
489.00000000 0.08006155 0.38207480 0.04722530 -0.28648280 0.05703850 0.15172807 0.94427369
489.00000000 -0.00359468 -0.23342395 0.24050961 0.19787196 0.00657432 -0.05505233 0.97865863
489.00000000 0.03942332 -0.10876119 0.19015674 0.08587819 -0.06237745 -0.01291233 0.99426720
489.00000000 0.04216115 -0.11624425 0.14468920 -0.46721662 0.02276724 0.17274231 0.86680470
489.00000000 -0.00875179 0.03521444 0.02061711 0.37256641 0.09111824 -0.13094538 0.91419092
489.00000000 0.06794934 -0.11777790 0.25935274 0.20793832 -0.06104220 -0.06108326 0.97432250
489.00000000 0.06791147 -0.11765774 0.25915960 0.20820914 -0.06062701 -0.06161537 0.97425708
489.00000000 0.06292277 -0.13790325 0.25282659 0.00269311 0.05937118 0.03225822 0.99771099
489.00000000 -0.00269290 0.07264126 0.11370511 -0.30849503 -0.00339636 0.20742438 0.92832882
489.00000000 -0.03495999 0.13113581 0.04240460 -0.28653514 -0.05508895 0.24307173 0.92508322
489.00000000 0.05152813 -0.13992299 0.21202727 0.53043010 -0.06135099 -0.17690543 0.82679165
489.00000000 -0.00090437 -0.22680300 0.01905772 0.61128643 -0.03519069 -0.16464702 0.77329288
489.00000000 -0.08155841 0.22743037 -0.10610001 -0.36463470 -0.05720379 0.35776020 0.85777439
489.00000000 -0.00994666 -0.20571684 0.00894818 0.62437278 -0.05610082 -0.21125470 0.74992185
489.00000000 -0.05710845 0.20332375 0.03040758 -0.27857852 0.01435215 0.23912780 0.93005694
489.00000000 0.14294970 -0.03626844 0.74336831 0.60484925 -0.14451281 -0.39381321 0.67689334
489.00000000 -0.02154447 0.20641724 0.04914081 -0.28731911 -0.02104170 0.25993968 0.92164871
489.00000000 0.00533088 -0.22592085 0.05131995 0.54746860 -0.02935455 -0.18579504 0.81541194
489.00000000 -0.04636070 -0.25800618 -0.06167767 0.74124549 -0.07568493 -0.28454929 0.60320695
489.00000000 -0.25901655 0.38666634 -0.45242320 -0.23699631 -0.04390530 0.14593363 0.95948343
489.00000000 0.06702861 -0.11772030 0.25548801 0.29109933 -0.07722636 -0.07229305 0.95082647
489.00000000 -0.16948604 0.20856535 -0.23595579 -0.56166561 -0.09961156 0.23896025 0.78581632
489.00000000 0.00432254 -0.21030243 0.06431336 0.56755373 0.02014469 -0.14251904 0.81065731
489.00000000 -0.07136549 0.19330113 0.02179556 -0.25583628 0.01943139 0.27666410 0.92608164
489.00000000 -0.23052137 0.15650617 -0.53292021 0.04886038 -0.08025564 0.04240839 0.99467242
489.00000000 0.04731413 -0.15785058 0.20460873 0.48933045 -0.04908599 -0.14018537 0.85935693
489.00000000 -0.20037751 0.40462317 -0.36904033 -0.32890593 -0.00108157 0.20931877 0.92087207
489.00000000 -0.27861312 0.42563333 -0.47996223 -0.10443667 -0.06096813 0.11269513 0.98624321
489.00000000 0.07147629 -0.11013578 0.25626773 0.37575745 -0.06093506 -0.12492012 0.91623590
489.00000000 0.06028290 -0.06651713 0.23430830 -0.16324709 -0.06000262 0.09454415 0.98020992
489.00000000 0.06731148 -0.12066704 0.25945329 0.09051511 -0.05317052 -0.00637226 0.99445428
489.00000000 0.06924109 -0.11538678 0.26087534 0.31952815 -0.04027653 -0.09499468 0.94194245
489.00000000 0.05369533 -0.05144506 0.24047891 -0.29591631 -0.07512835 0.17017115 0.93692638
489.00000000 -0.21004233 0.65434176 -0.24156358 -0.16610172 -0.02095327 0.20779687 0.96373837
489.00000000 -0.03329981 -0.22940102 -0.03416431 0.63025544 -0.11386171 -0.26146505 0.72211469
489.00000000 -0.24608839 0.45748775 -0.45806499 -0.24419605 -0.02479403 0.11931047 0.96203875
489.00000000 0.06228386 -0.13053284 0.23801103 0.43314774 -0.03953907 -0.12590485 0.89160960
489.00000000 -0.11008834 0.17199383 -0.23452038 -0.21133657 -0.15901657 0.21650611 0.93977428
489.00000000 0.02248931 0.52992788 0.22860449 -0.09603312 -0.19273062 -0.06899417 0.97410079
